
============= DEBUG INFORMATION =============

NrTimeBucket:
3

NrACFs:
5

NrHospitals:
3

NrMedFacilities:
8

NrDisasterAreas:
4

NrRescueVehicles:
3

NrInjuries:
2

K_h:
{0: {1, 2}, 1: {0, 2}, 2: {0, 1}}

J_m:
[1, 1, 0]
[1, 1, 1]

J_u:
[1, 1, 1, 0, 0, 0, 0, 0]
[1, 1, 1, 1, 1, 1, 1, 1]

I_A_Set:
{2, 3}

I_A_List:
2
3

ACF_Bed_Capacity:
259
323
428
445
286

Hospital_Bed_Capacity:
527.0
555.0
404.0

Fixed_Cost_ACF_Objective:
0.084
0.104
0.139
0.144
0.092

Fixed_Cost_ACF_Constraint:
8417.5
10497.5
13910.0
14462.5
9295.0

Total_Budget_ACF_Establishment:
48095.125

VehicleAssignment_Cost:
0.001
0.001
0.001

ForecastedAvgCasualtyDemand:
[[10.0, 10.0, 10.0, 10.0], [15.0, 15.0, 15.0, 15.0]]
[[10.0, 10.0, 10.0, 10.0], [15.0, 15.0, 15.0, 15.0]]
[[10.0, 10.0, 10.0, 10.0], [15.0, 15.0, 15.0, 15.0]]

ForecastedSTDCasualtyDemand:
[[10.0, 10.0, 10.0, 10.0], [15.0, 15.0, 15.0, 15.0]]
[[10.0, 10.0, 10.0, 10.0], [15.0, 15.0, 15.0, 15.0]]
[[10.0, 10.0, 10.0, 10.0], [15.0, 15.0, 15.0, 15.0]]

Land_Rescue_Vehicle_Capacity:
6
12
80

Aerial_Rescue_Vehicle_Capacity:
130

Distance_D_A:
[8.7, 8.72, 6.01, 28.26, 40.23]
[30.87, 22.85, 21.41, 44.65, 25.68]
[10.36, 5.07, 5.23, 32.56, 46.92]
[15.77, 8.09, 5.76, 34.23, 36.85]

Distance_A_H:
[26.64, 45.94, 50.99]
[30.41, 48.58, 56.78]
[27.53, 45.83, 53.88]
[27.54, 42.25, 41.18]
[21.06, 11.98, 25.02]

Distance_D_H:
[23.16, 42.13, 49.21]
[22.53, 33.54, 45.15]
[30.52, 49.4, 56.58]
[23.03, 40.68, 49.39]

Distance_A_A:
[1000, 14.71, 13.08, 22.31, 46.03]
[14.71, 1000, 2.93, 36.36, 44.92]
[13.08, 2.93, 1000, 34.09, 42.51]
[22.31, 36.36, 34.09, 1000, 48.01]
[46.03, 44.92, 42.51, 48.01, 1000]

Distance_H_H:
[1000, 19.33, 26.39]
[19.33, 1000, 13.1]
[26.39, 13.1, 1000]

Distance_U_U:
[1000, 19.33, 26.39, 26.64, 30.41, 27.53, 27.54, 21.06]
[19.33, 1000, 13.1, 45.94, 48.58, 45.83, 42.25, 11.98]
[26.39, 13.1, 1000, 50.99, 56.78, 53.88, 41.18, 25.02]
[26.64, 45.94, 50.99, 1000, 14.71, 13.08, 22.31, 46.03]
[30.41, 48.58, 56.78, 14.71, 1000, 2.93, 36.36, 44.92]
[27.53, 45.83, 53.88, 13.08, 2.93, 1000, 34.09, 42.51]
[27.54, 42.25, 41.18, 22.31, 36.36, 34.09, 1000, 48.01]
[21.06, 11.98, 25.02, 46.03, 44.92, 42.51, 48.01, 1000]

Time_D_A_Land:
[10.44, 10.46, 7.21, 33.91, 48.28]
[37.04, 27.42, 25.69, 53.58, 30.82]
[12.43, 6.08, 6.28, 39.07, 56.3]
[18.92, 9.71, 6.91, 41.08, 44.22]

Time_A_H_Land:
[31.97, 55.13, 61.19]
[36.49, 58.3, 68.14]
[33.04, 55.0, 64.66]
[33.05, 50.7, 49.42]
[25.27, 14.38, 30.02]

Time_D_H_Land:
[27.79, 50.56, 59.05]
[27.04, 40.25, 54.18]
[36.62, 59.28, 67.9]
[27.64, 48.82, 59.27]

Time_A_A_Land:
[1200.0, 17.65, 15.7, 26.77, 55.24]
[17.65, 1200.0, 3.52, 43.63, 53.9]
[15.7, 3.52, 1200.0, 40.91, 51.01]
[26.77, 43.63, 40.91, 1200.0, 57.61]
[55.24, 53.9, 51.01, 57.61, 1200.0]

Time_H_H_Land:
[1200.0, 23.2, 31.67]
[23.2, 1200.0, 15.72]
[31.67, 15.72, 1200.0]

Time_U_U_Land:
[1200.0, 23.2, 31.67, 31.97, 36.49, 33.04, 33.05, 25.27]
[23.2, 1200.0, 15.72, 55.13, 58.3, 55.0, 50.7, 14.38]
[31.67, 15.72, 1200.0, 61.19, 68.14, 64.66, 49.42, 30.02]
[31.97, 55.13, 61.19, 1200.0, 17.65, 15.7, 26.77, 55.24]
[36.49, 58.3, 68.14, 17.65, 1200.0, 3.52, 43.63, 53.9]
[33.04, 55.0, 64.66, 15.7, 3.52, 1200.0, 40.91, 51.01]
[33.05, 50.7, 49.42, 26.77, 43.63, 40.91, 1200.0, 57.61]
[25.27, 14.38, 30.02, 55.24, 53.9, 51.01, 57.61, 1200.0]

Time_D_A_Aerial:
[4.54, 4.55, 3.14, 14.74, 20.99]
[16.11, 11.92, 11.17, 23.3, 13.4]
[5.41, 2.65, 2.73, 16.99, 24.48]
[8.23, 4.22, 3.01, 17.86, 19.23]

Time_A_H_Aerial:
[13.9, 23.97, 26.6]
[15.87, 25.35, 29.62]
[14.36, 23.91, 28.11]
[14.37, 22.04, 21.49]
[10.99, 6.25, 13.05]

Time_D_H_Aerial:
[12.08, 21.98, 25.67]
[11.75, 17.5, 23.56]
[15.92, 25.77, 29.52]
[12.02, 21.22, 25.77]

Time_A_A_Aerial:
[521.74, 7.67, 6.82, 11.64, 24.02]
[7.67, 521.74, 1.53, 18.97, 23.44]
[6.82, 1.53, 521.74, 17.79, 22.18]
[11.64, 18.97, 17.79, 521.74, 25.05]
[24.02, 23.44, 22.18, 25.05, 521.74]

Time_H_H_Aerial:
[521.74, 10.09, 13.77]
[10.09, 521.74, 6.83]
[13.77, 6.83, 521.74]

Casualty_Shortage_Cost:
150000.0
75000.0

Number_Rescue_Vehicle_ACF:
28.0
28.0
28.0

Number_Land_Rescue_Vehicle_Hospital:
[278.0, 294.0, 216.0]
[186.0, 196.0, 144.0]
[93.0, 98.0, 72.0]

ForecastedAvgHospitalDisruption:
0.45
0.45
0.45

ForecastedSTDHospitalDisruption:
0.07
0.07
0.07

ForecastedAvgPatientDemand:
[116.0, 122.0, 89.0]
[174.0, 183.0, 133.0]

ForecastedSTDPatientDemand:
[10.0, 11.0, 8.0]
[16.0, 17.0, 12.0]

ForecastedAvgPercentagePatientDischarged:
[[0.0, 0.0, 0.0, 0.0, 0.0, 0.0, 0.0, 0.0], [0.0, 0.0, 0.0, 0.0, 0.0, 0.0, 0.0, 0.0]]
[[0.0, 0.0, 0.0, 0.0, 0.0, 0.0, 0.0, 0.0], [0.074, 0.074, 0.074, 0.074, 0.074, 0.074, 0.074, 0.074]]
[[0.05, 0.05, 0.05, 0.05, 0.05, 0.05, 0.05, 0.05], [0.074, 0.074, 0.074, 0.074, 0.074, 0.074, 0.074, 0.074]]

ForecastedSTDPercentagePatientDischarged:
[[0.0, 0.0, 0.0, 0.0, 0.0, 0.0, 0.0, 0.0], [0.0, 0.0, 0.0, 0.0, 0.0, 0.0, 0.0, 0.0]]
[[0.0, 0.0, 0.0, 0.0, 0.0, 0.0, 0.0, 0.0], [0.011, 0.011, 0.011, 0.011, 0.011, 0.011, 0.011, 0.011]]
[[0.015, 0.015, 0.015, 0.015, 0.015, 0.015, 0.015, 0.015], [0.011, 0.011, 0.011, 0.011, 0.011, 0.011, 0.011, 0.011]]

Max_Backup_Hospital:
2
2
2

Available_Aerial_Vehicles_Hospital:
9.0
10.0
10.0

CoordinationCost:
[1000.0, 895.0, 262.0]
[296.0, 1000.0, 837.0]
[668.0, 862.0, 1000.0]

EvacuationRiskCost:
100000.0
50000.0

CumulativeThreatRiskConstant:
[[0.0020000000000000018, 0.0020000000000000018, 0.0020000000000000018], [0.0011999999999999789, 0.0011999999999999789, 0.0011999999999999789]]
[[0.0039959999999999996, 0.0039959999999999996, 0.0039959999999999996], [0.0023985599999999385, 0.0023985599999999385, 0.0023985599999999385]]
[[0.005988007999999989, 0.005988007999999989, 0.005988007999999989], [0.0035956817279999553, 0.0035956817279999553, 0.0035956817279999553]]

CumulativeThreatRiskLinear:
[[0.0018000000000000238, 0.0018000000000000238, 0.0018000000000000238], [0.0010799999999999699, 0.0010799999999999699, 0.0010799999999999699]]
[[0.0053935200000000405, 0.0053935200000000405, 0.0053935200000000405], [0.0032376672000000717, 0.0032376672000000717, 0.0032376672000000717]]
[[0.010764394991999993, 0.010764394991999993, 0.010764394991999993], [0.006467177158272053, 0.006467177158272053, 0.006467177158272053]]

CumulativeThreatRiskExponential:
[[0.0005929834897724362, 0.0005929834897724362, 0.0005929834897724362], [0.00031168341956777645, 0.00031168341956777645, 0.00031168341956777645]]
[[0.006215718029013995, 0.006215718029013995, 0.006215718029013995], [0.002901450754589474, 0.002901450754589474, 0.002901450754589474]]
[[0.05926260390889393, 0.05926260390889393, 0.05926260390889393], [0.02437068966627698, 0.02437068966627698, 0.02437068966627698]]

CumulativeLandTransportation_Risk:
[[[0.11485703124592583, 0.2165314851514324, 0.46213896513130504], [0.004310897305636607, 0.008603639144685538, 0.03111359458232421], [0.005153931052814142, 0.01028181059014699, 0.03520917397730294], [0.005183777479530027, 0.010341197838799165, 0.03535391793414355], [0.005633355279136665, 0.01123553453150683, 0.03753210039709609], [0.005290222442769554, 0.010552983339860877, 0.0358699945551495], [0.0052912172017884895, 0.010554962429830672, 0.03587481639868351], [0.004516993923161072, 0.009014033321408488, 0.03211612376674888]], [[0.004310897305636607, 0.008603639144685538, 0.03111359458232421], [0.11485703124592583, 0.2165314851514324, 0.46213896513130504], [0.0035658059722168955, 0.007119251700212659, 0.027482265165884145], [0.007485220824809735, 0.014915153361391487, 0.04646285213073542], [0.007799813874090011, 0.015539561638728161, 0.04797338875915136], [0.007472317403626527, 0.014889538260788537, 0.04640085470057975], [0.007045417377825713, 0.014041894061689986, 0.044347897117622215], [0.003432268166382424, 0.0068530973802634065, 0.02683029689291483]], [[0.005153931052814142, 0.01028181059014699, 0.03520917397730294], [0.0035658059722168955, 0.007119251700212659, 0.027482265165884145], [0.11485703124592583, 0.2165314851514324, 0.46213896513130504], [0.008086532631201071, 0.01610847223405465, 0.04934841730074435], [0.008775707434350632, 0.01747526799863819, 0.05264702162520751], [0.008430684098505115, 0.01679112431413421, 0.05099677955378712], [0.0069183047004725, 0.013789431225580406, 0.04373593095920847], [0.004989759698969087, 0.009955117015720605, 0.03441269390637647]]]
[[[0.05917819502615751, 0.05917819502615751, 0.11662563642042745], [0.0021577227639897334, 0.0021577227639897334, 0.006300384836333328], [0.002580230058934929, 0.002580230058934929, 0.007141734116819953], [0.002595191617314141, 0.002595191617314141, 0.007171520907356621], [0.002820585268454856, 0.002820585268454856, 0.007620200405049515], [0.0026485526811791393, 0.0026485526811791393, 0.007277753182793778], [0.0026490513692454254, 0.0026490513692454254, 0.007278745954183652], [0.0022609966770358314, 0.0022609966770358314, 0.0065060696519714245]], [[0.0021577227639897334, 0.0021577227639897334, 0.006300384836333328], [0.05917819502615751, 0.05917819502615751, 0.11662563642042745], [0.001784450622882905, 0.001784450622882905, 0.0055567822707558445], [0.0037495467439225827, 0.0037495467439225827, 0.009468365736065576], [0.003907443874546668, 0.003907443874546668, 0.009782330196615563], [0.0037430709330333878, 0.0037430709330333878, 0.009455488097222964], [0.0035288473094344797, 0.0035288473094344797, 0.00902944106085013], [0.0017175662683510673, 0.0017175662683510673, 0.0054235112869635005]], [[0.002580230058934929, 0.002580230058934929, 0.007141734116819953], [0.001784450622882905, 0.001784450622882905, 0.0055567822707558445], [0.05917819502615751, 0.05917819502615751, 0.11662563642042745], [0.004051372448061197, 0.004051372448061197, 0.01006847606065131], [0.0043974131191754084, 0.0043974131191754084, 0.010756273822841389], [0.00422415886498273, 0.00422415886498273, 0.010411939878516518], [0.003465069520336872, 0.003465069520336872, 0.008902582367482426], [0.002497937476060641, 0.002497937476060641, 0.006977890793944175]]]

CumulativeAerialTransportRisk:
[[[[0.015851361558711252, 0.020953478019563043, 0.04569798244991752], [0.017831640141025895, 0.02292349025433904, 0.04761820442919806], [0.0183481764926976, 0.023437348729397955, 0.04811907560178752]], [[0.016683660192927552, 0.022223582943383557, 0.04822791749515809], [0.0185464477774524, 0.02407587573706549, 0.05003094785966444], [0.0193843350737688, 0.024909042445807716, 0.05084195618387877]], [[0.016047201970490033, 0.021253050376615068, 0.04629627864788288], [0.017924945779122736, 0.023120859511925218, 0.0481162960934608], [0.018749624881608584, 0.023941175443332297, 0.04891562257592741]], [[0.016050154070473277, 0.02125696574813296, 0.046302955933850254], [0.017558526758758464, 0.02275735651278643, 0.047764951766380515], [0.017450441443226605, 0.02264984315718277, 0.04766018967270669]], [[0.01461834544357521, 0.01906975254525356, 0.04193742177494253], [0.013683667196633165, 0.018139296655574677, 0.04102865688477486], [0.015024279651837058, 0.019473852968190486, 0.04233210171682977]]], [[[0.01812812613435144, 0.02547838623672638, 0.056687793649829676], [0.02010382346953521, 0.027439293567548484, 0.05858590221362325], [0.02061916484758053, 0.027950777117224268, 0.059081005317486945]], [[0.01882604313310665, 0.026479779793883718, 0.058553172781580676], [0.02068477220240028, 0.028324009678073025, 0.06033664305481634], [0.02152083396671156, 0.029153549666575573, 0.06113885319284629]], [[0.018205699344039594, 0.02554270897304911, 0.05671325608144129], [0.020079323945849326, 0.02740233186214225, 0.05851339410300649], [0.020902193949687065, 0.028219052507466147, 0.05930398981747509]], [[0.017785380523471672, 0.02470618214318987, 0.05468439039197903], [0.01929109314915256, 0.026201285337722036, 0.05613353767650886], [0.019183198445469007, 0.02609415087301803, 0.05602969626999388]], [[0.013544626601134202, 0.016930744023683997, 0.036705231171142993], [0.012608929884200593, 0.015998259189457742, 0.03579150331589609], [0.013951003134667794, 0.017335725624717413, 0.03710206654705961]]], [[[0.018722989971653337, 0.026658908947526427, 0.059542416412215804], [0.020697490337120983, 0.028617440860907672, 0.06143478097749511], [0.021212519497291638, 0.029128304806114946, 0.061928385815375964]], [[0.019791091678139194, 0.028393974827348734, 0.06317486799616867], [0.021647992566230734, 0.03023457847387856, 0.06494958296237174], [0.022483232009297582, 0.03106248737009032, 0.06574785493772606]], [[0.01915370208035505, 0.02742373091542749, 0.06125947973468826], [0.02102551754429538, 0.029279764122867813, 0.06305094188955063], [0.021847592999809984, 0.030094908229672535, 0.06383772728339254]], [[0.017659642718135804, 0.02445644998741847, 0.05407904336207603], [0.019165548097006546, 0.02595193601565371, 0.05552911862980614], [0.019057639581226304, 0.02584477411827213, 0.055425210726888774]], [[0.015086313976980237, 0.020001286887996295, 0.044210688189514014], [0.01415207961896825, 0.019071714599998457, 0.04330407959346583], [0.015492055402643312, 0.02040500355946573, 0.04460443164491612]]]]
[[[[0.006886913220383595, 0.006886913220383595, 0.011443551076103953], [0.007686674926717485, 0.007686674926717485, 0.01223964328647087], [0.007895444037907984, 0.007895444037907984, 0.012447454515575496]], [[0.007267810209676706, 0.007267810209676706, 0.012046020002530411], [0.00802044297370541, 0.00802044297370541, 0.012795030201198099], [0.008359258870151987, 0.008359258870151987, 0.013132215311969508]], [[0.006976590073296429, 0.006976590073296429, 0.011585702016439048], [0.007735000545611492, 0.007735000545611492, 0.01234059233129281], [0.008068358912598494, 0.008068358912598494, 0.012672403417505529]], [[0.0069778810470818575, 0.0069778810470818575, 0.011587481241629116], [0.007587036877707121, 0.007587036877707121, 0.012193809376091491], [0.007543367999843009, 0.007543367999843009, 0.012150343208785497]], [[0.006322845915207487, 0.006322845915207487, 0.010550636969348437], [0.005945957009001024, 0.005945957009001024, 0.01017535160966565], [0.006486596966872704, 0.006486596966872704, 0.010713691310589635]]], [[[0.008036301285681668, 0.008036301285681668, 0.013730512837789921], [0.00883513738085151, 0.00883513738085151, 0.014524763340032054], [0.009043664871296042, 0.009043664871296042, 0.0147320938112242]], [[0.008349821639193067, 0.008349821639193067, 0.014198507118572734], [0.00910163408404474, 0.00910163408404474, 0.014945885424626937], [0.009440080693914221, 0.009440080693914221, 0.01528233589935124]], [[0.008066358629410852, 0.008066358629410852, 0.013753986582984212], [0.008823936803235233, 0.008823936803235233, 0.014507220894861894], [0.009156929334469988, 0.009156929334469988, 0.01483830408705411]], [[0.007853858384820556, 0.007853858384820556, 0.013330577758305817], [0.008462476859134593, 0.008462476859134593, 0.013935836614062058], [0.00841884650301794, 0.00841884650301794, 0.01389244710070714]], [[0.005781627840995118, 0.005781627840995118, 0.009472485757769933], [0.00540453365776572, 0.00540453365776572, 0.009096791469262344], [0.005945468081617222, 0.005945468081617222, 0.009635717770797192]]], [[[0.008336828267492158, 0.008336828267492158, 0.01432804095460749], [0.009135422345942001, 0.009135422345942001, 0.015121810262801572], [0.009343886660549194, 0.009343886660549194, 0.01532901512351148]], [[0.008837605716927044, 0.008837605716927044, 0.015168107146924403], [0.009589048351791307, 0.009589048351791307, 0.015914750357696295], [0.009927328482723818, 0.009927328482723818, 0.016250869911446975]], [[0.008545358865429176, 0.008545358865429176, 0.014706287812248808], [0.009302571208205102, 0.009302571208205102, 0.015458794814762089], [0.009635402938863558, 0.009635402938863558, 0.015789558319040164]], [[0.007790357412210236, 0.007790357412210236, 0.013204269673204427], [0.008399014840327013, 0.008399014840327013, 0.013809606010927178], [0.008355381691708463, 0.008355381691708463, 0.01376621094308128]], [[0.006558822115473761, 0.006558822115473761, 0.011020537302031674], [0.0061820227119911975, 0.0061820227119911975, 0.010645430169473946], [0.006722534279909986, 0.006722534279909986, 0.011183514206981493]]]]

LandEvacuationRisk_Constant:
[[[[0.116627317183434, 0.21809842218112951, 0.4632146872010424], [0.006302275511025357, 0.010586431866396184, 0.033051367393159614], [0.007143623190708492, 0.012261246968966688, 0.03713875562934832], [0.007173409924570939, 0.012320515443121516, 0.03728321009827529], [0.007622088568578378, 0.013213063462443775, 0.03945703619630192], [0.007279641997884001, 0.012531877373181177, 0.03779825456603925], [0.007280634767384941, 0.012533852504970966, 0.037803066765886184], [0.006507959935314722, 0.010996005254765628, 0.034051891519215394]], [[0.006302275511025357, 0.010586431866396184, 0.033051367393159614], [0.116627317183434, 0.21809842218112951, 0.4632146872010424], [0.005558674360272464, 0.009105013196812228, 0.029427300635552434], [0.009470250383160073, 0.01688532305466872, 0.048369926426473975], [0.009784214246341794, 0.017508482515450674, 0.04987744198163302], [0.009457372768819305, 0.016859759184266965, 0.048308052991178574], [0.00903132654307004, 0.01601381027356663, 0.04625920132338701], [0.005425403630049619, 0.00883939118550292, 0.028776636299128966]], [[0.007143623190708492, 0.012261246968966688, 0.03713875562934832], [0.005558674360272464, 0.009105013196812228, 0.029427300635552434], [0.116627317183434, 0.21809842218112951, 0.4632146872010424], [0.010070359565938714, 0.018076255289586562, 0.051249720466142845], [0.010758156019481935, 0.019440317462640966, 0.05454172758195708], [0.010413822730308109, 0.01875754206550595, 0.05289478599467956], [0.008904468091071593, 0.015761852363129214, 0.045648459097290095], [0.006979780179571127, 0.011935206781689134, 0.03634386851856375]]], [[[0.06030718119212608, 0.06030718119212608, 0.11768568565672288], [0.003355133496672935, 0.003355133496672935, 0.007492824374529694], [0.0037771337828641505, 0.0037771337828641505, 0.008333164035879803], [0.003792077387373305, 0.003792077387373305, 0.008362915082267719], [0.004017200566132639, 0.004017200566132639, 0.008811056164563458], [0.0038453744179617333, 0.0038453744179617333, 0.008469019878974415], [0.003845872507602266, 0.003845872507602266, 0.008470011459038584], [0.0034582834810233942, 0.0034582834810233942, 0.007698262368388997]], [[0.003355133496672935, 0.003355133496672935, 0.007492824374529694], [0.06030718119212608, 0.06030718119212608, 0.11768568565672288], [0.002982309282135387, 0.002982309282135387, 0.006750114132030971], [0.004945047287829851, 0.004945047287829851, 0.010657003697182255], [0.0051027549418971585, 0.0051027549418971585, 0.010970591400379592], [0.004938579247913744, 0.004938579247913744, 0.010644141511506278], [0.0047246126926631105, 0.0047246126926631105, 0.010218605731577068], [0.002915505188828993, 0.002915505188828993, 0.00661700307341917]], [[0.0037771337828641505, 0.0037771337828641505, 0.008333164035879803], [0.002982309282135387, 0.002982309282135387, 0.006750114132030971], [0.06030718119212608, 0.06030718119212608, 0.11768568565672288], [0.005246510801123483, 0.005246510801123483, 0.011256393889378491], [0.0055921362234323535, 0.0055921362234323535, 0.011943366294253965], [0.005419089874344696, 0.005419089874344696, 0.01159944555066228], [0.004660911436912496, 0.004660911436912496, 0.010091899268641402], [0.003694939951089382, 0.003694939951089382, 0.008169517324991382]]]]
[[[[0.11839406254906715, 0.21966222533676727, 0.4642882578266403], [0.008289670960003326, 0.012565259002663365, 0.03498526465837326], [0.009129335944327077, 0.014236724475028772, 0.03906447811808966], [0.00915906310472181, 0.014295874412235343, 0.03920864367807875], [0.009606844391441216, 0.015186637335518949, 0.041378122123909344], [0.009265082713888262, 0.014506813618434755, 0.03972265805690711], [0.009266073497850136, 0.014508784799961094, 0.03972746063235433], [0.00849494401544415, 0.012974013244256177, 0.03598378773617694]], [[0.008289670960003326, 0.012565259002663365, 0.03498526465837326], [0.11839406254906715, 0.21966222533676727, 0.4642882578266403], [0.007547557011551964, 0.011086803170418658, 0.03136844603428124], [0.011451309882393845, 0.018851552408559402, 0.05027318657362101], [0.011764645817849195, 0.019473465550419844, 0.05177768709766983], [0.011438458023281584, 0.018826039665898464, 0.05021143688519625], [0.011013263889983915, 0.017981782653019418, 0.04816668292074022], [0.007414552822789577, 0.0108217124031319, 0.030719083026530702]], [[0.009129335944327077, 0.014236724475028772, 0.03906447811808966], [0.007547557011551964, 0.011086803170418658, 0.03136844603428124], [0.11839406254906715, 0.21966222533676727, 0.4642882578266403], [0.012050218846806793, 0.020040102779007363, 0.05314722102521052], [0.012736639707442987, 0.02140143682771567, 0.05643264412679316], [0.01239299508484748, 0.020720026981374984, 0.054788996422690195], [0.0108866591548894, 0.01773032865840296, 0.04755716217909545], [0.008965820619212028, 0.013911336368125804, 0.03827118078152658]]], [[[0.06143481257469552, 0.06143481257469552, 0.1187444628339348], [0.004551107336476901, 0.004551107336476901, 0.008683832985280193], [0.00497260122232468, 0.00497260122232468, 0.009523164239036652], [0.004987526894508432, 0.004987526894508432, 0.00955287958416906], [0.005212379925453314, 0.005212379925453314, 0.01000048289716593], [0.005040759968660158, 0.005040759968660158, 0.009658857055119596], [0.00504125746059314, 0.00504125746059314, 0.009659847445287695], [0.004654133540846095, 0.004654133540846095, 0.00888902445354689]], [[0.004551107336476901, 0.004551107336476901, 0.008683832985280193], [0.06143481257469552, 0.06143481257469552, 0.1187444628339348], [0.00417873051099682, 0.00417873051099682, 0.007942013995072439], [0.006139113231084403, 0.006139113231084403, 0.011844215292745597], [0.006296631635966832, 0.006296631635966832, 0.01215742669069908], [0.0061326529528161755, 0.0061326529528161755, 0.011831368541692422], [0.005918943157431911, 0.005918943157431911, 0.011406343404699149], [0.004112006582602357, 0.004112006582602357, 0.007809062669731026]], [[0.00497260122232468, 0.00497260122232468, 0.009523164239036652], [0.00417873051099682, 0.00417873051099682, 0.007942013995072439], [0.06143481257469552, 0.06143481257469552, 0.1187444628339348], [0.006440214988162163, 0.006440214988162163, 0.012442886216711191], [0.006785425659964206, 0.006785425659964206, 0.0131290342547008], [0.006612586966495471, 0.006612586966495471, 0.012785526216001486], [0.005855318343188087, 0.005855318343188087, 0.01127978898951898], [0.004890506023148, 0.004890506023148, 0.009359713904201428]]]]
[[[[0.12015727442396895, 0.22122290088609375, 0.46535968131098704], [0.010273091618083319, 0.014540128484658021, 0.036915294129056475], [0.01111107727243843, 0.0162082510260787, 0.0409863491618534], [0.011140744978512362, 0.01626728266341082, 0.0411302263907225], [0.011587630702658336, 0.017156264060847914, 0.04329536587966143], [0.011246552548460409, 0.016477799991197917, 0.0416432127407933], [0.011247541350854484, 0.016479767230361153, 0.04164800571108962], [0.010477954127413258, 0.014948065217767592, 0.0379118201607046]], [[0.010273091618083319, 0.014540128484658021, 0.036915294129056475], [0.12015727442396895, 0.22122290088609375, 0.46535968131098704], [0.009532461897528766, 0.013064629564077723, 0.03330570914221265], [0.01342840726262895, 0.020813849303742193, 0.05217264020047374], [0.01374111652621346, 0.021434518619319, 0.05367413172347446], [0.013415581107235064, 0.020788387586566648, 0.052111014011425816], [0.012991237362203978, 0.019945819087713423, 0.05007034955489875], [0.009399723717143926, 0.01280006897832564, 0.03265764486047762]], [[0.01111107727243843, 0.0162082510260787, 0.0409863491618534], [0.009532461897528766, 0.013064629564077723, 0.03330570914221265], [0.12015727442396895, 0.22122290088609375, 0.46535968131098704], [0.014026118409113164, 0.02200002257344935, 0.05504092658316018], [0.014711166428028055, 0.023358633954060237, 0.05831977883853956], [0.01436820909467773, 0.022678586927412203, 0.05667941842984481], [0.012864885836579631, 0.01969486800108622, 0.04946204785473729], [0.010947888977973608, 0.01588351369538954, 0.04019463841996351]]], [[[0.06256109079960592, 0.06256109079960592, 0.11980196947853405], [0.005745646007673133, 0.005745646007673133, 0.009873412385697944], [0.006166634100857937, 0.006166634100857937, 0.010711736441949782], [0.006181541862235074, 0.006181541862235074, 0.01074141612866808], [0.006406125069542745, 0.006406125069542745, 0.011188482317689319], [0.006234711056697706, 0.006234711056697706, 0.010847266426653457], [0.0062352079516404535, 0.0062352079516404535, 0.010848255628353343], [0.005848548580597135, 0.005848548580597135, 0.010078357624202727]], [[0.005745646007673133, 0.005745646007673133, 0.009873412385697944], [0.06256109079960592, 0.06256109079960592, 0.11980196947853405], [0.005373716034383635, 0.005373716034383635, 0.009132483578278339], [0.007331746295207164, 0.007331746295207164, 0.013030002234394322], [0.00748907567800372, 0.00748907567800372, 0.013342837778670291], [0.007325293769272823, 0.007325293769272823, 0.013017170899442432], [0.007111840425642946, 0.007111840425642946, 0.012592655792613483], [0.005307072174703276, 0.005307072174703276, 0.00899969179452731]], [[0.006166634100857937, 0.006166634100857937, 0.010711736441949782], [0.005373716034383635, 0.005373716034383635, 0.009132483578278339], [0.06256109079960592, 0.06256109079960592, 0.11980196947853405], [0.007632486730176358, 0.007632486730176358, 0.013627954753251181], [0.007977283149172232, 0.007977283149172232, 0.01431327941359517], [0.0078046518621357475, 0.0078046518621357475, 0.013970183584542273], [0.0070482919611762895, 0.0070482919611762895, 0.01246625324273165], [0.0060846374159202465, 0.0060846374159202465, 0.010548482247516366]]]]

LandEvacuationRisk_Linear:
[[[[0.1164502885896832, 0.21794172847815985, 0.46310711499406865], [0.0061031376904865375, 0.010388152594225097, 0.03285759011207601], [0.006944653976919124, 0.01206330333108474, 0.03694579746414384], [0.006974446680066859, 0.01212258368268937, 0.03709028088186217], [0.007423215239634295, 0.013015310569350125, 0.03926454261638135], [0.007080700042372601, 0.012333987969849192, 0.037605428564950305], [0.007081693010825285, 0.012335963497457025, 0.03761024172916594], [0.006308863334099413, 0.010797808061429937, 0.03385831474396872]], [[0.0061031376904865375, 0.010388152594225097, 0.03285759011207601], [0.1164502885896832, 0.21794172847815985, 0.46310711499406865], [0.0053593875214669184, 0.008906437047152327, 0.029232797088585616], [0.009271747427325061, 0.016688306085340998, 0.04817921899690014], [0.00958577420911666, 0.017311590427778523, 0.0496870366593849], [0.009258867232300072, 0.016662737091919122, 0.04811733316211875], [0.00883273562654563, 0.015816618652378933, 0.04606807090281051], [0.0052260900836829105, 0.00864076180497897, 0.028582002358507608]], [[0.006944653976919124, 0.01206330333108474, 0.03694579746414384], [0.0053593875214669184, 0.008906437047152327, 0.029232797088585616], [0.1164502885896832, 0.21794172847815985, 0.46310711499406865], [0.009871976872464883, 0.01787947698403336, 0.05105959014960304], [0.010559911160968771, 0.019243812516240633, 0.05435225698628221], [0.010215508867127854, 0.01856090029036883, 0.052704985350590317], [0.008705851752011662, 0.015564610249374389, 0.04545720628348193], [0.006780778131511012, 0.011737197805092303, 0.036150751057345]]], [[[0.06019428257552928, 0.06019428257552928, 0.11757968073309333], [0.0032353924234046483, 0.0032353924234046483, 0.007373580420710013], [0.0036574434104712505, 0.0036574434104712505, 0.00821402104397373], [0.0036723888103674662, 0.0036723888103674662, 0.008243775664776631], [0.0038975390363649165, 0.0038975390363649165, 0.008691970588612041], [0.0037256922442834295, 0.0037256922442834295, 0.008349893209356307], [0.0037261903937666485, 0.0037261903937666485, 0.008350884908553069], [0.0033385548006246157, 0.0033385548006246157, 0.007579043096747284]], [[0.0032353924234046483, 0.0032353924234046483, 0.007373580420710013], [0.06019428257552928, 0.06019428257552928, 0.11757968073309333], [0.002862523416210183, 0.002862523416210183, 0.006630780945903414], [0.004825497233439169, 0.004825497233439169, 0.010538139901070553], [0.004983223835162143, 0.004983223835162143, 0.0108517652800032], [0.004819028416425675, 0.004819028416425675, 0.010525276170077924], [0.00460503615434027, 0.00460503615434027, 0.01009968926450433], [0.0027957112967812447, 0.0027957112967812447, 0.006497653894773525]], [[0.0036574434104712505, 0.0036574434104712505, 0.00821402104397373], [0.002862523416210183, 0.002862523416210183, 0.006630780945903414], [0.06019428257552928, 0.06019428257552928, 0.11757968073309333], [0.00512699696581731, 0.00512699696581731, 0.011137602106505828], [0.0054726639130067145, 0.0054726639130067145, 0.011824657047112663], [0.005299596773408521, 0.005299596773408521, 0.011480694983447726], [0.004541327245254911, 0.004541327245254911, 0.009972967578525505], [0.003575239703586419, 0.003575239703586419, 0.00805035467188664]]]]
[[[[0.11963106755076036, 0.22075713825563847, 0.4650399293800901], [0.009681166394800766, 0.013950755244885982, 0.03633930278767261], [0.010519653222602177, 0.015619875439092823, 0.040412792593272906], [0.010549338672018682, 0.015678942381431638, 0.04055675587068741], [0.010996491664771568, 0.01656845545130048, 0.04272319026296234], [0.0106552095222201, 0.015889585613157675, 0.04107004902211642], [0.010656198915986348, 0.015891554028866217, 0.04107484485894097], [0.009886151426096612, 0.014358935952408891, 0.0373364248108905]], [[0.009681166394800766, 0.013950755244885982, 0.03633930278767261], [0.11963106755076036, 0.22075713825563847, 0.4650399293800901], [0.008940093726389708, 0.012474373873782585, 0.032727559019066654], [0.012838369136586758, 0.02022822818343384, 0.05160577380851128], [0.013151265421963876, 0.020849268702238466, 0.053108163327411084], [0.012825535310263758, 0.020202751238388217, 0.05154411076273513], [0.0124009377782901, 0.019359678825230375, 0.049502225847560366], [0.008807276159381705, 0.012209655062481062, 0.03207910715001694]], [[0.010519653222602177, 0.015619875439092823, 0.040412792593272906], [0.008940093726389708, 0.012474373873782585, 0.032727559019066654], [0.11963106755076036, 0.22075713825563847, 0.4650399293800901], [0.013436437755724118, 0.021415110866890852, 0.05447577562506445], [0.014121895480789348, 0.022774534791182188, 0.05775658886113155], [0.013778733035206159, 0.022094081049323533, 0.05611524740332818], [0.012274510685704398, 0.019108577652476644, 0.04889356034086145], [0.010356367330237592, 0.015294943892994017, 0.03962060835353853]]], [[[0.06222426292516614, 0.06222426292516614, 0.11948570862271002], [0.005388403975770117, 0.005388403975770117, 0.009517653487001398], [0.005809543332704781, 0.005809543332704781, 0.010356278758518855], [0.0058244564505370855, 0.0058244564505370855, 0.010385969109340865], [0.006049120352046411, 0.006049120352046411, 0.010833195932140716], [0.0058776447490358485, 0.0058776447490358485, 0.010491857440024233], [0.005878141822516225, 0.005878141822516225, 0.010492846997150695], [0.005491343522255332, 0.005491343522255332, 0.009722672363658424]], [[0.005388403975770117, 0.005388403975770117, 0.009517653487001398], [0.06222426292516614, 0.06222426292516614, 0.11948570862271002], [0.0050163403656312555, 0.0050163403656312555, 0.008776458459060388], [0.006975074159415007, 0.006975074159415007, 0.012675377518884368], [0.007132460071678226, 0.007132460071678226, 0.012988325466998463], [0.006968619315046332, 0.006968619315046332, 0.012662541573550623], [0.006755089276247017, 0.006755089276247017, 0.0122378739356932], [0.004949672560380258, 0.004949672560380258, 0.008643618962360988]], [[0.005809543332704781, 0.005809543332704781, 0.010356278758518855], [0.0050163403656312555, 0.0050163403656312555, 0.008776458459060388], [0.06222426292516614, 0.06222426292516614, 0.11948570862271002], [0.007275922652371203, 0.007275922652371203, 0.01327354488595578], [0.00762084295895471, 0.00762084295895471, 0.013959115787890997], [0.00744814964437801, 0.00744814964437801, 0.01361589668228358], [0.006691517978405281, 0.006691517978405281, 0.012111425968555967], [0.005727517185826869, 0.005727517185826869, 0.010192965905795548]]]]
[[[[0.12438505978598624, 0.22496504970905795, 0.4679287137614375], [0.015028888096268789, 0.019275421166563556, 0.04154307055261908], [0.01586284709520014, 0.020935528111721724, 0.04559456351326918], [0.015892372243189734, 0.020994276092571873, 0.04573774938898567], [0.016337110609781713, 0.021878985791863426, 0.04789248503554233], [0.015997671390799995, 0.021203781850846593, 0.046248270757397014], [0.015998655441839982, 0.021205739637110255, 0.04625304069670255], [0.015232766208395643, 0.019681397698265823, 0.04253480811691168]], [[0.015028888096268789, 0.019275421166563556, 0.04154307055261908], [0.12438505978598624, 0.22496504970905795, 0.4679287137614375], [0.014291817220267067, 0.01780701225486414, 0.03795083020036372], [0.018169041943249087, 0.025518995751243168, 0.05672710262994529], [0.018480248588685244, 0.026136682651246357, 0.05822137924544313], [0.01815627741958825, 0.02549365638170087, 0.05666577256461636], [0.017733972714287338, 0.024655136559574076, 0.05463491382798358], [0.014159716868121008, 0.017543722925143612, 0.037305879971406886]], [[0.01586284709520014, 0.020935528111721724, 0.04559456351326918], [0.014291817220267067, 0.01780701225486414, 0.03795083020036372], [0.12438505978598624, 0.22496504970905795, 0.4679287137614375], [0.018763880991843118, 0.026699469268209652, 0.05958160643668908], [0.019445637245192993, 0.0280515523033098, 0.06284470328128144], [0.01910432787681604, 0.02737477301165714, 0.061212225067350245], [0.017608228328001574, 0.024405391333153226, 0.05402953511502073], [0.01570044294665418, 0.020612351195971823, 0.044806657068429456]]], [[[0.06526265631328865, 0.06526265631328865, 0.12233857492677236], [0.008610945546888682, 0.008610945546888682, 0.012726816289703513], [0.009030720412306792, 0.009030720412306792, 0.013562724415341232], [0.009045585211637341, 0.009045585211637341, 0.013592318569426554], [0.00926952120210578, 0.00926952120210578, 0.014038096377320564], [0.009098601180049015, 0.009098601180049015, 0.01369786382191851], [0.009099096643011229, 0.009099096643011229, 0.013698850172879973], [0.00871355156924325, 0.00871355156924325, 0.012931170905200129]], [[0.008610945546888682, 0.008610945546888682, 0.012726816289703513], [0.06526265631328865, 0.06526265631328865, 0.12233857492677236], [0.008240087422846543, 0.008240087422846543, 0.011988022733652959], [0.010192474919138439, 0.010192474919138439, 0.0158743092957232], [0.01034935090104605, 0.01034935090104605, 0.016186243292485414], [0.010186040988465539, 0.010186040988465539, 0.01586151493885235], [0.009973202786991875, 0.009973202786991875, 0.015438223224141456], [0.008173635621284592, 0.008173635621284592, 0.01185561363692289]], [[0.009030720412306792, 0.009030720412306792, 0.013562724415341232], [0.008240087422846543, 0.008240087422846543, 0.011988022733652959], [0.06526265631328865, 0.06526265631328865, 0.12233857492677236], [0.010492348662977546, 0.010492348662977546, 0.016470538600525275], [0.010836151427767615, 0.010836151427767615, 0.017153888252738225], [0.010664017639530288, 0.010664017639530288, 0.01681178117703297], [0.009909837460155169, 0.009909837460155169, 0.015312184948417906], [0.00894896003014467, 0.00894896003014467, 0.013399940696260715]]]]

LandEvacuationRisk_Exponential:
[[[[0.11538190641248514, 0.21699606904549407, 0.46245790784477414], [0.004901324504480664, 0.00919152081849317, 0.03168812822420186], [0.0057438583465648785, 0.010868697135994476, 0.03578127900821826], [0.005773687074842493, 0.010928049168988707, 0.03592593713428227], [0.0062229982822366026, 0.011821855534803305, 0.03810282797099662], [0.005880068917976211, 0.011139709084744931, 0.036441707730372475], [0.0058810630871194425, 0.011141687001147038, 0.03644652671463289], [0.0051072989101136335, 0.009601671638245102, 0.03269006292537213]], [[0.004901324504480664, 0.00919152081849317, 0.03168812822420186], [0.11538190641248514, 0.21699606904549407, 0.46245790784477414], [0.004156674997920051, 0.007708013591267382, 0.028058952126151615], [0.00807376570221574, 0.015499292411473187, 0.047028283916306646], [0.008388172203011801, 0.016123330425010574, 0.04853792482144115], [0.008060869932548287, 0.01547369250020203, 0.04696632324960337], [0.00763422305141459, 0.014626550940118666, 0.04491458303659779], [0.0040232163777996766, 0.007442017096435549, 0.027407370459604063]], [[0.0057438583465648785, 0.010868697135994476, 0.03578127900821826], [0.004156674997920051, 0.007708013591267382, 0.028058952126151615], [0.11538190641248514, 0.21699606904549407, 0.46245790784477414], [0.008674720940633707, 0.0166919036657468, 0.049912137993811], [0.009363487074503407, 0.018057888943008082, 0.053208786300370514], [0.00901866833179965, 0.017374150944413636, 0.051559522795252555], [0.007507185749780376, 0.01437423781030267, 0.04430297976401232], [0.005579784343622052, 0.010542197285464017, 0.03498527123682382]]], [[[0.05947143358353568, 0.05947143358353568, 0.11690096956282647], [0.002468733657147948, 0.002468733657147948, 0.006610104530410776], [0.0028911092635747204, 0.0028911092635747204, 0.007451191576276606], [0.002906066158684162, 0.002906066158684162, 0.0074809690827645214], [0.0031313895583610085, 0.0031313895583610085, 0.00792950873449727], [0.0029594105907903012, 0.0029594105907903012, 0.007587168247362719], [0.0029599091234238095, 0.0029599091234238095, 0.0075881607093222225], [0.002571975381427727, 0.002571975381427727, 0.006815725237502179]], [[0.002468733657147948, 0.002468733657147948, 0.006610104530410776], [0.05947143358353568, 0.05947143358353568, 0.11690096956282647], [0.0020955778587784524, 0.0020955778587784524, 0.0058667337334237235], [0.004060061491939382, 0.004060061491939382, 0.009777098023023068], [0.004217909408645859, 0.004217909408645859, 0.010090964626056298], [0.004053587699453076, 0.004053587699453076, 0.009764224397926902], [0.003839430845805736, 0.003839430845805736, 0.009338310153351292], [0.0020287143509909455, 0.0020287143509909455, 0.0057335042879872455]], [[0.0028911092635747204, 0.0028911092635747204, 0.007451191576276606], [0.0020955778587784524, 0.0020955778587784524, 0.0058667337334237235], [0.05947143358353568, 0.05947143358353568, 0.11690096956282647], [0.00436179312201046, 0.00436179312201046, 0.010377021303170642], [0.004707725937984963, 0.004707725937984963, 0.011064604690202207], [0.004534525684270707, 0.004534525684270707, 0.010720378069058678], [0.003775672935187546, 0.003775672935187546, 0.00921149099973495], [0.002808842329934058, 0.002808842329934058, 0.007287399320647925]]]]
[[[[0.12035883035506545, 0.22140130452434148, 0.4654821576628425], [0.010499820012546679, 0.014765879378752733, 0.03713591928054538], [0.011337613699662907, 0.016433619783704945, 0.04120604170883957], [0.01136727460940612, 0.016492637897964957, 0.041349885978058], [0.011814057960178315, 0.017381415645967735, 0.04351452947300505], [0.011473057940768583, 0.016703107000069384, 0.04186275481230639], [0.011474046516645853, 0.016705073788574, 0.04186754668462067], [0.010704635591609946, 0.015173722660992484, 0.03813221702624381]], [[0.010499820012546679, 0.014765879378752733, 0.03713591928054538], [0.12035883035506545, 0.22140130452434148, 0.4654821576628425], [0.00975935995676147, 0.013290718468080498, 0.03352716118382837], [0.013654412831791807, 0.02103816300275152, 0.05238977017208102], [0.013967050459383845, 0.02165869013430133, 0.05389091773074217], [0.01364158961463624, 0.021012707118391205, 0.052328158100469646], [0.013217343079022448, 0.020170331636623184, 0.0502879611229734], [0.009626652184274276, 0.013026218488336294, 0.03287924536180775]], [[0.011337613699662907, 0.016433619783704945, 0.04120604170883957], [0.00975935995676147, 0.013290718468080498, 0.03352716118382837], [0.12035883035506545, 0.22140130452434148, 0.4654821576628425], [0.014251987053547133, 0.022224064541783606, 0.05525739948263886], [0.01493687814044753, 0.023582364689291202, 0.05853550061273183], [0.014593999372371158, 0.02290247344902141, 0.05689551598070697], [0.013091020498229522, 0.01991943803831575, 0.04967979877364359], [0.011174462788661743, 0.016108956844419042, 0.040414512333449615]]], [[[0.061907943162133106, 0.061907943162133106, 0.1191887036342204], [0.005052912992237424, 0.005052912992237424, 0.009183555334585258], [0.005474194403072841, 0.005474194403072841, 0.010022463481567101], [0.005489112551227304, 0.005489112551227304, 0.01005216384719787], [0.005713852233788841, 0.005713852233788841, 0.010499541523423583], [0.0055423187905931925, 0.0055423187905931925, 0.010158087894919343], [0.005542816031740672, 0.005542816031740672, 0.010159077785831916], [0.005155887261110603, 0.005155887261110603, 0.009388643365859761]], [[0.005052912992237424, 0.005052912992237424, 0.009183555334585258], [0.061907943162133106, 0.061907943162133106, 0.1191887036342204], [0.004680723881866133, 0.004680723881866133, 0.008442110295232785], [0.006640118373282489, 0.006640118373282489, 0.012342344493745383], [0.006797557373157792, 0.006797557373157792, 0.01265539800187443], [0.006633661351639675, 0.006633661351639675, 0.012329504218737686], [0.006420059287335134, 0.006420059287335134, 0.011904693336860062], [0.004614033588995148, 0.004614033588995148, 0.008309225990636881]], [[0.005474194403072841, 0.005474194403072841, 0.010022463481567101], [0.004680723881866133, 0.004680723881866133, 0.008442110295232785], [0.061907943162133106, 0.061907943162133106, 0.1191887036342204], [0.0069410683450040755, 0.0069410683450040755, 0.012940713627777045], [0.00728610499615201, 0.00728610499615201, 0.013626515778631054], [0.007113353430645897, 0.007113353430645897, 0.01328318090228875], [0.006356466546351913, 0.006356466546351913, 0.01177820271774399], [0.005392140588075245, 0.005392140588075245, 0.009859095542024132]]]]
[[[[0.16731290840594104, 0.2629618694219924, 0.49401401059875627], [0.0633180262150147, 0.06735636899477293, 0.08853232585930393], [0.06411109958715144, 0.06893508763057077, 0.09238519055482064], [0.06413917723690277, 0.0689909554362288, 0.09252135660787875], [0.06456211188544503, 0.06983229140775538, 0.09457045430628808], [0.06423931399444771, 0.06919018997702753, 0.09300684918450741], [0.06424024980145693, 0.06919205178097232, 0.09301138527303798], [0.06351190901032777, 0.0677424421439542, 0.08947544255376494]], [[0.0633180262150147, 0.06735636899477293, 0.08853232585930393], [0.16731290840594104, 0.2629618694219924, 0.49401401059875627], [0.06261709093416334, 0.06595995021546919, 0.08511619847973306], [0.0663042310567924, 0.07329384644438885, 0.1029719464373281], [0.0666001805028007, 0.07388125066130835, 0.10439296473184434], [0.0662920923259478, 0.073269749361347, 0.10291362313631913], [0.06589049150728477, 0.07247233876467529, 0.10098232916544214], [0.062491466926422934, 0.06570956889356172, 0.08450286754428593]], [[0.06411109958715144, 0.06893508763057077, 0.09238519055482064], [0.06261709093416334, 0.06595995021546919, 0.08511619847973306], [0.16731290840594104, 0.2629618694219924, 0.49401401059875627], [0.06686990755977573, 0.0744164461333644, 0.10568650550161351], [0.06751824006954232, 0.0757022420219271, 0.10878962594454378], [0.06719366371498836, 0.0750586424736146, 0.10723718151535577], [0.06577091185818129, 0.07223483753362381, 0.10040662971508008], [0.0639566574552225, 0.06862775476804517, 0.09163591196685883]]], [[[0.08210667126644156, 0.08210667126644156, 0.13815407889437015], [0.026475827238399696, 0.026475827238399696, 0.03051752977898592], [0.026888037739178028, 0.026888037739178028, 0.031338374797256874], [0.026902634674061066, 0.026902634674061066, 0.031367435663165244], [0.027122535326477015, 0.027122535326477015, 0.03180518053206016], [0.026954695291998343, 0.026954695291998343, 0.031471078984785184], [0.026955181826692542, 0.026955181826692542, 0.03147204756165156], [0.026576584294960237, 0.026576584294960237, 0.030718201913813026]], [[0.026475827238399696, 0.026475827238399696, 0.03051752977898592], [0.08210667126644156, 0.08210667126644156, 0.13815407889437015], [0.026111651996804763, 0.026111651996804763, 0.029792049320769176], [0.02802885737011418, 0.02802885737011418, 0.03360830479934207], [0.02818290643876864, 0.02818290643876864, 0.03391461772945781], [0.028022539379202516, 0.028022539379202516, 0.03359574099743934], [0.027813536533053518, 0.027813536533053518, 0.033180077021173204], [0.026046397660120846, 0.026046397660120846, 0.029662026242764372]], [[0.026888037739178028, 0.026888037739178028, 0.031338374797256874], [0.026111651996804763, 0.026111651996804763, 0.029792049320769176], [0.08210667126644156, 0.08210667126644156, 0.13815407889437015], [0.028323327373683926, 0.028323327373683926, 0.03419379002144185], [0.028660934794990545, 0.028660934794990545, 0.03486482567781635], [0.028491902866460195, 0.028491902866460195, 0.034528883389190246], [0.027751313052661652, 0.027751313052661652, 0.033056309961652985], [0.026807750683302767, 0.026807750683302767, 0.031178524449156808]]]]

AerialEvacuationRisk_Constant:
[[[[[0.017819658835593777, 0.022911571063523928, 0.0476065864850177], [0.019795976860743858, 0.024877643273830352, 0.04952296802033962], [0.02031148013971218, 0.02539047403193917, 0.050022837450584]], [[0.01865029287254172, 0.024179135777496752, 0.0501314616601678], [0.020509354881897535, 0.02602772398559139, 0.05193088596394513], [0.021345566403621286, 0.026859224360916145, 0.05274027227151101]], [[0.018015107566549005, 0.02321054427586189, 0.04820368609058712], [0.01988909588756449, 0.02507461779290132, 0.05002006350127386], [0.020712125631845324, 0.02589329309244559, 0.050817791330775575]], [[0.018018053762332342, 0.023214451816636728, 0.048210350021982595], [0.019523409705240913, 0.024711841799760825, 0.04966942186284773], [0.019415540560340117, 0.02460454347086838, 0.049564869293361236]], [[0.016589108752688042, 0.0210316130401631, 0.04385354693139265], [0.01565629986223993, 0.020103018062263556, 0.04294659957100533], [0.016994231092533396, 0.02143490526225411, 0.044247437513396104]]], [[[0.02009186988208278, 0.027427429464252917, 0.058574418062530054], [0.022063615822596194, 0.029384414980413442, 0.06046873040919598], [0.02257792651788537, 0.029894875562989864, 0.06096284330685198]], [[0.020788391046840493, 0.02842682023429599, 0.06043606643601751], [0.02264340265799547, 0.030267361658716907, 0.06221596976870669], [0.02347779229877811, 0.031095242567242387, 0.06301657548646056]], [[0.020169287945351555, 0.02749162355510304, 0.05859982956927845], [0.022039165297957575, 0.029347527198417933, 0.06039636731480047], [0.02286038956178771, 0.03016261440245127, 0.06118538183784017]], [[0.019749809762424686, 0.026656769778903522, 0.0565750216111951], [0.0212525109628543, 0.028148882767046635, 0.058021270601155805], [0.02114483204857809, 0.028041962571272006, 0.05791763687745388]], [[0.015517537347931931, 0.018896882535636594, 0.03863182070880067], [0.014583712024432205, 0.017966262671078814, 0.0377199203092643], [0.015923101128398454, 0.019301054173467946, 0.0390278624139655]]], [[[0.020685543991710076, 0.028605591129631347, 0.061423331579391394], [0.022656095356446748, 0.03056020597918585, 0.06331191141554016], [0.023170094458297097, 0.03107004819650272, 0.06380452904374523]], [[0.021751509494782884, 0.030337186877694045, 0.06504851826017632], [0.023604696581098317, 0.032174109316930766, 0.06681968379644698], [0.024438265545278948, 0.03300036239535009, 0.06761635922785059]], [[0.021115394676194388, 0.029368883453596673, 0.06313696077521891], [0.022983466509206796, 0.031221204594622076, 0.06492484000577148], [0.023803897813810315, 0.03203471841321315, 0.06571005182882572]], [[0.019624323432699486, 0.02640753708744359, 0.05597088527535188], [0.021127217000812548, 0.027900032143622355, 0.05741806039254649], [0.021019524302063886, 0.027793084570035598, 0.05731436030543502]], [[0.017056141349026332, 0.021961284314220286, 0.04612226681313503], [0.016123775459730316, 0.021033571170798515, 0.0452174714342789], [0.01746107129183805, 0.022364193552346756, 0.04651522278162634]]]], [[[[0.00807864892451915, 0.00807864892451915, 0.012629818814812621], [0.008877450916805363, 0.008877450916805363, 0.013424955714527065], [0.009085969505062463, 0.009085969505062463, 0.013632517570156821]], [[0.008459088837425077, 0.008459088837425077, 0.013231564778527383], [0.009210818442136892, 0.009210818442136892, 0.013979676164956656], [0.009549227759507728, 0.009549227759507728, 0.014316456653595155]], [[0.008168218165208407, 0.008168218165208407, 0.012771799174019272], [0.008925718544956718, 0.008925718544956718, 0.01352578362049528], [0.009258676881903405, 0.009258676881903405, 0.013857196533404448]], [[0.008169507589825376, 0.008169507589825376, 0.012773576264139108], [0.008777932433453817, 0.008777932433453817, 0.013379176804840132], [0.008734315958243144, 0.008734315958243144, 0.013335762796934936]], [[0.0075152585001092564, 0.0075152585001092564, 0.011737976204985179], [0.007138821860590228, 0.007138821860590228, 0.011363141187734072], [0.007678813050512434, 0.007678813050512434, 0.011900834881016897]]], [[[0.009226657724138776, 0.009226657724138776, 0.014914036222384519], [0.010024535215994446, 0.010024535215994446, 0.01570733362402399], [0.010232812473450426, 0.010232812473450426, 0.015914415298650675]], [[0.009539801853226004, 0.009539801853226004, 0.01538146891003045], [0.01029071212314392, 0.01029071212314392, 0.016127950362117338], [0.010628752597081514, 0.010628752597081514, 0.016463997096272]], [[0.009256678999055579, 0.009256678999055579, 0.014937481799084606], [0.010013348079071283, 0.010013348079071283, 0.015689812229788047], [0.010345941019268556, 0.010345941019268556, 0.016020498122149673]], [[0.009044433754758718, 0.009044433754758718, 0.014514581064995813], [0.00965232188690357, 0.00965232188690357, 0.01511911361012519], [0.009608743887214333, 0.009608743887214333, 0.015075776164186316]], [[0.006974689887585872, 0.006974689887585872, 0.010661118774860534], [0.006598048217376418, 0.006598048217376418, 0.010285875319499205], [0.0071383335199192155, 0.0071383335199192155, 0.010824154909472194]]], [[[0.009526824073571194, 0.009526824073571194, 0.015510847305461928], [0.010324459839126887, 0.010324459839126887, 0.016303664090486225], [0.010532673996556552, 0.010532673996556552, 0.01651062030536321]], [[0.01002700059006667, 0.01002700059006667, 0.01634990541834802], [0.010777541493769083, 0.010777541493769083, 0.01709565265726709], [0.011115415688544572, 0.011115415688544572, 0.017431368867553254]], [[0.009735104434790642, 0.009735104434790642, 0.015888640266874088], [0.010491408122755286, 0.010491408122755286, 0.016640244260984316], [0.010823840455336908, 0.010823840455336908, 0.016970610849057266]], [[0.008981008983315553, 0.008981008983315553, 0.014388424549596546], [0.009588936022518646, 0.009588936022518646, 0.01499303448371403], [0.009545355233678388, 0.009545355233678388, 0.014949691489949513]], [[0.007750951528935124, 0.007750951528935124, 0.012207312657269265], [0.0073746042847367965, 0.0073746042847367965, 0.011832655653270518], [0.007914467238774092, 0.007914467238774092, 0.012370093989933051]]]]]
[[[[[0.019784019517922635, 0.02486574792139684, 0.04951137331204769], [0.021756384907022364, 0.02682788798728275, 0.05142392208429902], [0.02227085717943278, 0.027339693083875294, 0.05192279177568282]], [[0.020612992286796583, 0.026130777505941838, 0.05203119873684747], [0.02246833617213373, 0.027975668537620124, 0.05382702419201724], [0.023302875270813983, 0.028805505912194218, 0.054634791726967946]], [[0.019979077351415908, 0.025164123187310095, 0.05010727871840592], [0.02184931769578935, 0.02702446855731555, 0.051920023374271373], [0.022670701380581693, 0.027841506506260716, 0.05271615574811406]], [[0.01998201765480767, 0.025168022913003463, 0.05011392932193859], [0.021484362885830444, 0.026662418116161324, 0.051570083019122026], [0.021376709479219436, 0.026555334383926654, 0.051465739554774514]], [[0.018555930535182674, 0.022989549814082744, 0.04576583983752991], [0.01762498726251538, 0.022062812026139023, 0.044860706371863346], [0.018960242630348345, 0.02339203545172963, 0.04615894263836928]]], [[[0.02205168614231856, 0.029372574605324386, 0.06045726922640493], [0.024019488590950933, 0.031325646150452524, 0.06234779294837767], [0.0245327706648496, 0.031835085811863895, 0.06284091762023825]], [[0.022746814264746784, 0.030369966593827402, 0.06231519430314547], [0.02459811585267946, 0.032206826935399446, 0.06409153782916932], [0.02543083671418056, 0.03303305208210794, 0.06489054233548763]], [[0.02212894936946086, 0.029436640307992756, 0.06048262991013986], [0.023995086967361745, 0.03128883214402112, 0.062275574580170856], [0.02481466878266414, 0.032102289173646326, 0.06306301107416445]], [[0.021710310142899925, 0.02860345623934568, 0.05846187156797267], [0.02321000594092859, 0.030092585001512462, 0.059905228059953575], [0.02310254238448095, 0.02998587864612945, 0.05980180160369897]], [[0.017486502273236115, 0.020859088770565304, 0.04055455706738309], [0.016554544600383303, 0.01993033014573664, 0.03964448046864577], [0.01789125492614163, 0.021262452065121007, 0.04094980668913761]]], [[[0.022644172903726556, 0.03054837994737214, 0.06330048491623264], [0.02461078316573384, 0.03249908556722747, 0.06518528759270903], [0.025123754269380405, 0.03300790810010967, 0.06567691998565772]], [[0.023708006475793297, 0.03227651250393859, 0.06691842122365599], [0.025557487187936045, 0.03410976109829689, 0.06868604442885407], [0.026389389014188414, 0.03493436167055941, 0.06948112650939486]], [[0.023073163886841996, 0.03131014568668944, 0.0650106868536684], [0.024937499576188404, 0.03315876218543279, 0.06679499032575997], [0.025756290018182693, 0.0339706489763868, 0.06757863172516809]], [[0.021585074785834157, 0.02835472201326872, 0.05785894350480114], [0.023084962566810918, 0.029844232079335176, 0.05930322427176138], [0.022977485253459773, 0.029737498400895568, 0.05919973158482417]], [[0.019022029066328217, 0.023917361745591892, 0.0480300222795087], [0.018091527908810856, 0.022991504028456844, 0.04712703649141037], [0.019426149149254335, 0.024319465165242082, 0.04842219233606304]]]], [[[[0.009268954545809671, 0.009268954545809671, 0.013814663032234775], [0.0100667979757052, 0.0100667979757052, 0.014608845767669631], [0.010275066341656314, 0.010275066341656314, 0.014816158549072589]], [[0.009648937930820112, 0.009648937930820112, 0.01441568690079309], [0.010399765460006316, 0.010399765460006316, 0.015162900553558623], [0.010737768686196358, 0.010737768686196358, 0.015499276905610815]], [[0.009358416303410166, 0.009358416303410166, 0.013956473015010462], [0.010115007682702792, 0.010115007682702792, 0.014709552680150617], [0.010447566469645064, 0.010447566469645064, 0.01504056789756436]], [[0.00935970418071752, 0.00935970418071752, 0.013958247972622129], [0.009967398914533687, 0.009967398914533687, 0.014563121792674272], [0.009923834779093199, 0.009923834779093199, 0.014519759881578609]], [[0.008706240189909065, 0.008706240189909065, 0.012923890633539159], [0.00833025527435749, 0.00833025527435749, 0.012549505418308682], [0.008869598474851803, 0.008869598474851803, 0.01308655387915969]]], [[[0.010415585734869781, 0.010415585734869781, 0.01609613937891763], [0.011212505773735226, 0.011212505773735226, 0.01688848482367511], [0.011420533098482233, 0.011420533098482233, 0.017095318000292292]], [[0.010728354091002146, 0.010728354091002146, 0.01656301114733838], [0.011478363268596081, 0.011478363268596081, 0.01730859682168273], [0.011815998093964941, 0.011815998093964941, 0.01764424029975642]], [[0.01044557098425658, 0.01044557098425658, 0.016119556820925696], [0.011201332061376412, 0.011201332061376412, 0.01687098445511226], [0.011533525890045415, 0.011533525890045415, 0.017201273524403038]], [[0.010233580434253042, 0.010233580434253042, 0.015697163567717776], [0.010840739100639318, 0.010840739100639318, 0.01630097067379299], [0.010797213394549643, 0.010797213394549643, 0.016257685232789254]], [[0.00816632025972075, 0.00816632025972075, 0.01184832543233072], [0.007790130559515496, 0.007790130559515496, 0.011473532269115738], [0.008329767519695275, 0.008329767519695275, 0.012011165923580758]]], [[[0.010715391884682846, 0.010715391884682846, 0.016692234288695373], [0.011512070487319837, 0.011512070487319837, 0.01748409969357756], [0.011720034787760625, 0.011720034787760625, 0.017690807560996724]], [[0.011214968189358632, 0.011214968189358632, 0.01753028553184599], [0.011964608443976621, 0.011964608443976621, 0.018275137874078307], [0.012302077189718208, 0.012302077189718208, 0.018610451224912117]], [[0.010923422309468855, 0.010923422309468855, 0.01706957389855379], [0.011678818433007887, 0.011678818433007887, 0.01782027596787117], [0.012010851846790405, 0.012010851846790405, 0.018150246116038438]], [[0.01017023177253551, 0.01017023177253551, 0.015571158440137012], [0.010777429299291486, 0.010777429299291486, 0.01617504284233351], [0.01073390080739789, 0.01073390080739789, 0.01613175186016158]], [[0.008941650387100375, 0.008941650387100375, 0.013392663882080491], [0.00856575475959509, 0.00856575475959509, 0.013018456466486583], [0.00910496987808751, 0.00910496987808751, 0.013555249877145181]]]]]
[[[[[0.021744451478886817, 0.02681601642555409, 0.05141235056542359], [0.023712872137208296, 0.02877423221130815, 0.05332107424013033], [0.024226315465073922, 0.02928501369770753, 0.053818946192131456]], [[0.022571766302223017, 0.028078515950929916, 0.05392713633937374], [0.024423399499789444, 0.02991971720054487, 0.05571937014363315], [0.02525626952027238, 0.030747894900369888, 0.05652552214351403]], [[0.021939119196713097, 0.027113794940935465, 0.05200706416096912], [0.023805619060397798, 0.02897041962020097, 0.053816183327522804], [0.02462535997782045, 0.02978582349324821, 0.05461072343661777]], [[0.02194205361949808, 0.027117686867177415, 0.05201370146329465], [0.02344139416005875, 0.028609093279929, 0.05346694285308384], [0.023333956060261007, 0.02850222371515876, 0.05336280807566496]], [[0.020518818674112316, 0.02494357071445452, 0.04767430815785478], [0.019589737287990405, 0.02401868640208671, 0.04677098495911958], [0.020922322145087602, 0.025345251380826106, 0.048066624753092535]]], [[[0.024007582770033897, 0.03131382945611372, 0.06233635468795218], [0.02597144961376907, 0.03326299485815165, 0.06422309736248089], [0.02648370512351994, 0.03377141564024011, 0.06471523578499783]], [[0.024701320636217217, 0.032309226660639734, 0.06419056391453914], [0.026548919620974165, 0.03414241328152867, 0.0659633547535109], [0.02737997504075218, 0.034966985977943676, 0.06676076125081665]], [[0.024084691470721897, 0.031377767027376824, 0.06236166465031956], [0.025947096793426994, 0.03322625447973304, 0.06415102343101053], [0.02676503944509878, 0.034038084595299, 0.06493688505201611]], [[0.023666889522614087, 0.030546249326867003, 0.06034494782483668], [0.02516358592904666, 0.03203239983150952, 0.0617854176038336], [0.025056337299711906, 0.03192590688883723, 0.06168219800049157]], [[0.019451529268689538, 0.022817370593024244, 0.04247344795324837], [0.01852143551118257, 0.021890469485445152, 0.04156519150770843], [0.019855472416289377, 0.02321992716099075, 0.04286790707575927]]], [[[0.024598884557919143, 0.0324872831874774, 0.06517388394640011], [0.026561561599402372, 0.034434087396092994, 0.06705491701752364], [0.027073506760841637, 0.034941892283909426, 0.06754556614568641]], [[0.025660590462841748, 0.03421195947893074, 0.06878458438120871], [0.027506372213560226, 0.03604154157610029, 0.0705486723399964], [0.028336610236160076, 0.036864492947218275, 0.07134216425637607]], [[0.02502701755906822, 0.03324752539531606, 0.06688066547996108], [0.026887624577035973, 0.03509244466106198, 0.06866140034510848], [0.027704777438146366, 0.035902707678433954, 0.06944347446171772]], [[0.02354190463626249, 0.03029801256924225, 0.05974322561779155], [0.0250387926416773, 0.031784543615176464, 0.061184617823217935], [0.024931530282952807, 0.03167802340409376, 0.06108133212165445]], [[0.020983985008195538, 0.025869527022100658, 0.049933962234949725], [0.020055344852993207, 0.02494552102039993, 0.049032782418427456], [0.02138729685095586, 0.026270826234911615, 0.050325347951390875]]]], [[[[0.010457831800354644, 0.010457831800354644, 0.014998085436596087], [0.011254717818134363, 0.011254717818134363, 0.015791315152748453], [0.011462736262046413, 0.011462736262046413, 0.015998379158813636]], [[0.010837359205303154, 0.010837359205303154, 0.015598388076512149], [0.0115872857414544, 0.0115872857414544, 0.016344705072894428], [0.011924883363772953, 0.011924883363772953, 0.01668067777332405]], [[0.010547186203846093, 0.010547186203846093, 0.015139725247392488], [0.011302869673483484, 0.011302869673483484, 0.0158919012169344], [0.01163502938988148, 0.01163502938988148, 0.016222519216087306]], [[0.010548472535700681, 0.010548472535700681, 0.015141498075055049], [0.011155438035836296, 0.011155438035836296, 0.015745646046523065], [0.011111926177358344, 0.011111926177358344, 0.01570233616972072]], [[0.009895792701681172, 0.009895792701681172, 0.014108381964778927], [0.009520258968028217, 0.009520258968028217, 0.013734446011806734], [0.010058954956681965, 0.010058954956681965, 0.014270850014504677]]], [[[0.01160308703198798, 0.01160308703198798, 0.017276824011662972], [0.012399050766806807, 0.012399050766806807, 0.01806821864188668], [0.012606828458764152, 0.012606828458764152, 0.018274803618691937]], [[0.011915480066092887, 0.011915480066092887, 0.017743135533961563], [0.012664589232673773, 0.012664589232673773, 0.01848782650549674], [0.013001818896252182, 0.013001818896252182, 0.018823067211396705]], [[0.011633036299075528, 0.011633036299075528, 0.017300213352740568], [0.012387890462902784, 0.012387890462902784, 0.018050739273766103], [0.012719685658977409, 0.012719685658977409, 0.01838063199617379]], [[0.011421300137731905, 0.011421300137731905, 0.01687832697143654], [0.012027730213718502, 0.012027730213718502, 0.01748140950898447], [0.01198425673847614, 0.01198425673847614, 0.017438176010509898]], [[0.009356520675409152, 0.009356520675409152, 0.013034107441811882], [0.008980782402844056, 0.008980782402844056, 0.012659764030392817], [0.009519771798671695, 0.009519771798671695, 0.0131967525244725]]], [[[0.011902533414421268, 0.011902533414421268, 0.01787220360754893], [0.012698256002735109, 0.012698256002735109, 0.01866311877394533], [0.012905970746015294, 0.012905970746015294, 0.01886957859192362]], [[0.012401510227531332, 0.012401510227531332, 0.0187092491892078], [0.013150250913843808, 0.013150250913843808, 0.01945320770862935], [0.013487314697090635, 0.013487314697090635, 0.019788118683442213]], [[0.01211031420269748, 0.01211031420269748, 0.018249090409875546], [0.012864803850888284, 0.012864803850888284, 0.018998891636709758], [0.01319643882457433, 0.01319643882457433, 0.019328465820699137]], [[0.011358027494408507, 0.011358027494408507, 0.01675247305000882], [0.01196449638413244, 0.01196449638413244, 0.01735563279092278], [0.011921020126429038, 0.011921020126429038, 0.017312393757929367]], [[0.01013092040663588, 0.01013092040663588, 0.014576592685421996], [0.009755475853883588, 0.009755475853883588, 0.01420283431872682], [0.01029404391423383, 0.01029404391423383, 0.01473898357729253]]]]]

AerialEvacuationRisk_Linear:
[[[[[0.01762282910790558, 0.022715761759127817, 0.04741572608150768], [0.019599543188772106, 0.024682227971881243, 0.04933249166122555], [0.02011514977501072, 0.025195161501685104, 0.049832461265704286]], [[0.0184536296045803, 0.023983580494085444, 0.04994110724366685], [0.020313064171453066, 0.0258325391607388, 0.05174089215351707], [0.02114944327063606, 0.026664206169405236, 0.05255044066274783]], [[0.01781831700694314, 0.023014794885937162, 0.04801294534631673], [0.01969268087672038, 0.024879241964803733, 0.0498296867604926], [0.02051587555682166, 0.025698081327534372, 0.05062757445529076]], [[0.017821263793146414, 0.023018703209786384, 0.048019610613169394], [0.019326921410592668, 0.024516393271063475, 0.049478974853201074], [0.019219030648628843, 0.02440907343949983, 0.04937440133129589]], [[0.01639203242177678, 0.02083542699067209, 0.043661934415747616], [0.015459036595679265, 0.019906645921594635, 0.04275480530238229], [0.01679723594846383, 0.021238800032847727, 0.04405590393373948]]], [[[0.019895495507309624, 0.02723252514150032, 0.05838575562126003], [0.021867636587290074, 0.029189902839126924, 0.0602804475896388], [0.022382050350854943, 0.029700465718413338, 0.060774659507915496]], [[0.020592156255467065, 0.028232116190254786, 0.06024777707057383], [0.02244753961243595, 0.030073026460652463, 0.062028037097317745], [0.023282096465571556, 0.030901073277175728, 0.06282880325709916]], [[0.019972929085220303, 0.027296732096897647, 0.058411172220494745], [0.02184318116274686, 0.029153007664790453, 0.06020806999362105], [0.022664570000577644, 0.02996825821295268, 0.06099724263580364]], [[0.019553366838529485, 0.026461711015332123, 0.056385958489273524], [0.021056369181484125, 0.027954123024114153, 0.05783249730869122], [0.02094866868826717, 0.027847181401446597, 0.05772884281670787]], [[0.015320246273252236, 0.018700268684441412, 0.03843916175503492], [0.014386233810409044, 0.017769462322916763, 0.037527078609927544], [0.015725891329025465, 0.01910452131859297, 0.038835282827274886]]], [[[0.020489288589704335, 0.02841092291142089, 0.06123524006267389], [0.022460234854514205, 0.030365929467358055, 0.06312419837173566], [0.02297433696219653, 0.03087587385746393, 0.06361691472090836]], [[0.02155546771311856, 0.030142865672659558, 0.06486115323377561], [0.023409026179611492, 0.03198015623262562, 0.06663267371303949], [0.024242762191680867, 0.032806574892824125, 0.06742950879883813]], [[0.0209192254166104, 0.0291743681997797, 0.06294921267116582], [0.022787671612715665, 0.03102706054744664, 0.06473745019414945], [0.023608267332410393, 0.03184073739485915, 0.0655228193742825]], [[0.01942785536124314, 0.026212428377441088, 0.05578170108402436], [0.020931050110431948, 0.027705222530825524, 0.0572291662162725], [0.020823335829980083, 0.02759825352485923, 0.05712544534758035]], [[0.016859158611821745, 0.021765284571597876, 0.0459311089507729], [0.015926605875654087, 0.020837385513718498, 0.04502613225019758], [0.017264169702918553, 0.022168274553058698, 0.04632414366795534]]]], [[[[0.007959475354105572, 0.007959475354105572, 0.012511192040941754], [0.008758373317796608, 0.008758373317796608, 0.013306424471721479], [0.00896691695834706, 0.00896691695834706, 0.013514011264698644]], [[0.008339960974650173, 0.008339960974650173, 0.013113010300927597], [0.009091780895293833, 0.009091780895293833, 0.013861211568580778], [0.009430230870572154, 0.009430230870572154, 0.014198032519432524]], [[0.008049055356017187, 0.008049055356017187, 0.012653189458261216], [0.008806646745022184, 0.008806646745022184, 0.013407264491575033], [0.009139645084972892, 0.009139645084972892, 0.013738717221814634]], [[0.008050344935551013, 0.008050344935551013, 0.012654966761888153], [0.008658842877879214, 0.008658842877879214, 0.013260640061965256], [0.008615221162403097, 0.008615221162403097, 0.013217220838119936]], [[0.0073960172416189796, 0.0073960172416189796, 0.011619242281421527], [0.007019535375431318, 0.007019535375431318, 0.011244362229927196], [0.007559591442148461, 0.007559591442148461, 0.011782120523974204]]], [[[0.009107622080293143, 0.009107622080293143, 0.014795683883925048], [0.009905595432480152, 0.009905595432480152, 0.015589076595624807], [0.01011389771323501, 0.01011389771323501, 0.01579618314990805]], [[0.009420803831822755, 0.009420803831822755, 0.015263172730884622], [0.010171804319233924, 0.010171804319233924, 0.016009743868368287], [0.010509885406764785, 0.010509885406764785, 0.016345830976579934]], [[0.009137646962091073, 0.009137646962091073, 0.014819132277474556], [0.009894406951487689, 0.009894406951487689, 0.015571553096295432], [0.010227039850788766, 0.010227039850788766, 0.01590227871864003]], [[0.008925376217764902, 0.008925376217764902, 0.014396180734326802], [0.00953333738412665, 0.00953333738412665, 0.015000785910518788], [0.009489754148794605, 0.009489754148794605, 0.014957443257838321]], [[0.006855383682926819, 0.006855383682926819, 0.010542255473151463], [0.006478696761415326, 0.006478696761415326, 0.010166966934475496], [0.007019046976089016, 0.007019046976089016, 0.010705311195604694]]], [[[0.00940782449296329, 0.00940782449296329, 0.015392566670376473], [0.010205556089808332, 0.010205556089808332, 0.016185478707717693], [0.010413795262955716, 0.010413795262955716, 0.01639245978717807]], [[0.009908061102752774, 0.009908061102752774, 0.01623172559120567], [0.010658692179571383, 0.010658692179571383, 0.016977562427309967], [0.010996606967962452, 0.010996606967962452, 0.01731331897194255]], [[0.009616129877854429, 0.009616129877854429, 0.015770405021411582], [0.010372524431300212, 0.010372524431300212, 0.01652209931636217], [0.010704996703689518, 0.010704996703689518, 0.016852505596055556]], [[0.008861943826204977, 0.008861943826204977, 0.0142700090619573], [0.00946994390429945, 0.00946994390429945, 0.0148746916364354], [0.009426357879481428, 0.009426357879481428, 0.014831343435262712]], [[0.007631738587589032, 0.007631738587589032, 0.012088635121745406], [0.007255346127462259, 0.007255346127462259, 0.011713933104890883], [0.007795273942887704, 0.007795273942887704, 0.012251436011637917]]]]]
[[[[[0.02115938692311714, 0.02623398501679497, 0.05084502946761427], [0.02312898483329251, 0.028193371951182544, 0.05275489469124517], [0.023642735235820722, 0.028704458920279063, 0.053253064405147765]], [[0.02198719653800385, 0.027497239604306833, 0.05336131925758969], [0.023839937140435752, 0.02933954201976019, 0.055154624941764374], [0.02467330527486178, 0.030168215027195466, 0.05596125907636196]], [[0.02135417106571824, 0.0265319416243478, 0.051440098743069984], [0.023221787225564117, 0.028389676693730492, 0.053250299888154884], [0.024042018404817123, 0.029205568234755175, 0.05404531518725175]], [[0.021357107243491158, 0.026535835878231162, 0.05144674001496197], [0.02285734449351462, 0.028028134255287607, 0.052900850543729505], [0.022749842138293785, 0.027921200775117727, 0.0527966534865032]], [[0.019933021105058457, 0.024360419453505755, 0.047104751451851], [0.01900338406393487, 0.023434981996276916, 0.046200888003293694], [0.020336765899049314, 0.024762340352729506, 0.04749730267957808]]], [[[0.02342387172348337, 0.030734488050990882, 0.06177556690102348], [0.025388913095575893, 0.03268481918890609, 0.06366343797831608], [0.02590147496959183, 0.03319354404182706, 0.064155870733687]], [[0.02411802449294742, 0.03173048057196981, 0.06363088507311976], [0.02596672846983128, 0.03356476356539417, 0.06540473616376741], [0.026798280918295503, 0.03438982941337798, 0.06620261956537365]], [[0.02350102654051356, 0.03079846386134888, 0.061800892000500984], [0.025364545710560904, 0.03264805683719718, 0.0635913209416441], [0.02618297754857557, 0.03346037248338607, 0.06437765256231476]], [[0.023082974717910765, 0.029966448855677008, 0.059782969038712164], [0.02458056625243077, 0.031453488181227396, 0.06122430031837989], [0.024473253480989388, 0.0313469315484014, 0.06112101898256783]], [[0.01886509338666853, 0.02223294771717743, 0.04190078077271686], [0.017934443368691544, 0.02130549225855427, 0.04099198112693181], [0.01926927812024093, 0.022635745041846067, 0.04229547580909676]]], [[[0.02401552715078148, 0.031908643588939856, 0.0646147931984482], [0.025979378009037934, 0.03385661212127555, 0.06649695125759736], [0.026491629349132628, 0.034364720711577146, 0.06698789382791304]], [[0.025077868029351302, 0.033634351356237935, 0.06822765308213397], [0.026924753685364955, 0.03546502767018822, 0.06999279608767262], [0.027755488247790838, 0.036288471223209995, 0.07078676256716232]], [[0.02444391620511066, 0.03266934047426051, 0.06632259550554964], [0.02630563599490987, 0.034515363129475896, 0.06810439537345059], [0.02712327757001365, 0.035326110740237615, 0.0688869372245351]], [[0.02295791508194267, 0.0297180636352824, 0.059180886960121803], [0.02445569833003447, 0.031205483729714545, 0.06062314121789392], [0.024348371820992254, 0.031098899812169734, 0.06051979374432914]], [[0.020398465640819152, 0.02528692954714018, 0.04936575695855017], [0.019469270094501834, 0.024362370925869126, 0.048464038174096946], [0.020802018691988056, 0.025688468764667682, 0.04975737675075065]]]], [[[[0.01010228288734083, 0.01010228288734083, 0.014644167866133428], [0.01089945523143021, 0.01089945523143021, 0.015437682594862667], [0.011107548417717106, 0.011107548417717106, 0.015644821000367015]], [[0.010481946658945085, 0.010481946658945085, 0.015244686198677693], [0.011232142648560095, 0.011232142648560095, 0.01599127135159273], [0.011569861571891882, 0.011569861571891882, 0.016327364769190722]], [[0.010191669396448333, 0.010191669396448333, 0.014785858569031474], [0.010947624388053079, 0.010947624388053079, 0.015538304800273295], [0.011279903451589468, 0.011279903451589468, 0.015869041592615596]], [[0.010192956190490321, 0.010192956190490321, 0.014787632033682496], [0.010800139777263018, 0.010800139777263018, 0.015391997079431508], [0.01075661228469249, 0.01075661228469249, 0.015348671641109757]], [[0.00954004184437729, 0.00954004184437729, 0.013754144718093775], [0.009164373179020413, 0.009164373179020413, 0.013380074407510656], [0.00970326272463351, 0.00970326272463351, 0.013916671143642478]]], [[[0.011247949616599806, 0.011247949616599806, 0.016923725206735907], [0.012044199346346152, 0.012044199346346152, 0.017715404190178363], [0.012252051694174537, 0.012252051694174537, 0.017922063394304355]], [[0.011560454895546024, 0.011560454895546024, 0.017390204277786037], [0.012309833221904487, 0.012309833221904487, 0.01813516282161276], [0.01264718405428622, 0.01264718405428622, 0.018470523981670595]], [[0.011277909644653028, 0.011277909644653028, 0.016947122951755267], [0.01203303503247255, 0.01203303503247255, 0.017697918541607516], [0.012364949444711115, 0.012364949444711115, 0.018027929796607944]], [[0.011066097405134645, 0.011066097405134645, 0.016525084983940785], [0.011672745375377103, 0.011672745375377103, 0.017128384212952263], [0.011629256279833355, 0.011629256279833355, 0.017085135180401556]], [[0.009000576054171816, 0.009000576054171816, 0.012679484201329583], [0.008624702776410698, 0.008624702776410698, 0.012305006285897147], [0.0091638858346208, 0.0091638858346208, 0.012842187723422271]]], [[[0.011547503592058583, 0.011547503592058583, 0.017519318726368582], [0.012343512088654474, 0.012343512088654474, 0.018310518073709092], [0.012551301465187903, 0.012551301465187903, 0.018517052074037865]], [[0.0120466596907709, 0.0120466596907709, 0.018356665063928745], [0.012795669404463528, 0.012795669404463528, 0.019100890892467026], [0.0131328542969118, 0.0131328542969118, 0.019435922202963307]], [[0.011755359037318391, 0.011755359037318391, 0.017896340946565448], [0.012510119778528672, 0.012510119778528672, 0.018646411581838884], [0.012841873910809709, 0.012841873910809709, 0.018976104183968223]], [[0.01100280202754056, 0.01100280202754056, 0.016399185842383646], [0.011609488825466197, 0.011609488825466197, 0.017002562302500746], [0.011565996946461765, 0.011565996946461765, 0.016959307733442675]], [[0.009775254032239888, 0.009775254032239888, 0.014222523669882636], [0.009399674579827044, 0.009399674579827044, 0.013848631009384382], [0.00993843615117107, 0.00993843615117107, 0.014384972909852856]]]]]
[[[[[0.026445126233732297, 0.03149232149770431, 0.05597046630848912], [0.0284040883151927, 0.03344112774264607, 0.05787001825991234], [0.028915064465547258, 0.03394945484210943, 0.058365497857360005]], [[0.027268465676698606, 0.032748754510443456, 0.058473168133598596], [0.029111201479877447, 0.03458110849285345, 0.06025678996707884], [0.029940069426377502, 0.035405306666048575, 0.061059068277349526]], [[0.02663885854196324, 0.03178866913957634, 0.05656232220985735], [0.028496389574546033, 0.03363637243958428, 0.05836274826875876], [0.029312191505431073, 0.03444785816628748, 0.059153470485240556]], [[0.026641778864376242, 0.031792542364488585, 0.056568927618881104], [0.028133914833249563, 0.03327678233030906, 0.05801518595079336], [0.028026992990746957, 0.03317042629093203, 0.05791155155767602]], [[0.0252253827910911, 0.02962887318845675, 0.05225038579401098], [0.02430076578998952, 0.02870843309349702, 0.05135140320807585], [0.025626947363194374, 0.03002862371482473, 0.05264081724510827]]], [[[0.02869738281617651, 0.035968521815515464, 0.06684197883975795], [0.030651812964859637, 0.037908321165285974, 0.0687196554132331], [0.03116160700475601, 0.038414298904001054, 0.06920942903172511]], [[0.029387787160685463, 0.03695913597688116, 0.0686872782937249], [0.031226508136094067, 0.03878351384214096, 0.07045155058848296], [0.03205357020133659, 0.03960412433454563, 0.07124512541972061]], [[0.028774120997194785, 0.036032152156497466, 0.06686716718369823], [0.030627577163723885, 0.03787175733027626, 0.0686479278085591], [0.031441589469813236, 0.03867968647197584, 0.0694300132384782]], [[0.02835832665443394, 0.035204630031856254, 0.06486014100590298], [0.029847831194667607, 0.0366836393450487, 0.06629368909666056], [0.029741097912192038, 0.036577658118040035, 0.06619096548006187]], [[0.024163221882380403, 0.027512889799504614, 0.047074516556544155], [0.023237597374500596, 0.026590442600358033, 0.04617062442884634], [0.024565224018391563, 0.027913512018620024, 0.047467080239727566]]], [[[0.02928584330416717, 0.03713633691355944, 0.0696658733151766], [0.031239089367789075, 0.0390737864158206, 0.07153786772080628], [0.03174857455064728, 0.03957915121973454, 0.07202615920124233]], [[0.03034244754199278, 0.038852725858914194, 0.07325922375549043], [0.032179360015463954, 0.040673516520769115, 0.07501483498879913], [0.03300560861125268, 0.04149251347860461, 0.07580451404929966]], [[0.029711919057603065, 0.03789292603569949, 0.07136445348981968], [0.0315635855605374, 0.03972898016857662, 0.07313663163843387], [0.03237681187113561, 0.04053534974224038, 0.07391494776352248]], [[0.02823394234050014, 0.03495758609165178, 0.06426131017053716], [0.029723637559052163, 0.03643697411757407, 0.0656957762553173], [0.029616890613158753, 0.036330965753184064, 0.06559298685810966]], [[0.02568831392635873, 0.030550380127585597, 0.05449918187097391], [0.02476413603599148, 0.029630814122869387, 0.05360233236795675], [0.026089687791051253, 0.030949751033338413, 0.05488868691629656]]]], [[[[0.013309551490785831, 0.013309551490785831, 0.01783672076224707], [0.014104140996480385, 0.014104140996480385, 0.01862766450325526], [0.014311559960843656, 0.014311559960843656, 0.01883413178032578]], [[0.013687985151770055, 0.013687985151770055, 0.01843529341539396], [0.014435750506378686, 0.014435750506378686, 0.01917945963241352], [0.01477237522039887, 0.01477237522039887, 0.01951446410733848]], [[0.013398648387603851, 0.013398648387603851, 0.017977952387267848], [0.014152154085035784, 0.014152154085035784, 0.018727960692720425], [0.014483356564406247, 0.014483356564406247, 0.019057625897855535]], [[0.013399931012433086, 0.013399931012433086, 0.017979720105893437], [0.014005147324384737, 0.014005147324384737, 0.018582127008894167], [0.013961760860890071, 0.013961760860890071, 0.018538941944992504]], [[0.012749132108801464, 0.012749132108801464, 0.016949581289207094], [0.012374680609920419, 0.012374680609920419, 0.016576722966430313], [0.012911824153405638, 0.012911824153405638, 0.01711158112913702]]], [[[0.014451506259841929, 0.014451506259841929, 0.02010889233706603], [0.015245176140463945, 0.015245176140463945, 0.02089800628060212], [0.015452355046685406, 0.015452355046685406, 0.02110399590890677]], [[0.014762999021684431, 0.014762999021684431, 0.020573860015925982], [0.015509949362265463, 0.015509949362265463, 0.021316404894070717], [0.015846207177950378, 0.015846207177950378, 0.021650679483969926]], [[0.014481369217404394, 0.014481369217404394, 0.020132214273391624], [0.015234047998967326, 0.015234047998967326, 0.02088057728553272], [0.01556488700851022, 0.01556488700851022, 0.021209519304066893]], [[0.014270243249541958, 0.014270243249541958, 0.019711543708592738], [0.014874925680360862, 0.014874925680360862, 0.02031288824810229], [0.014831577489486714, 0.014831577489486714, 0.020269779342417027]], [[0.012211414187756287, 0.012211414187756287, 0.015878402672517278], [0.011836758739415143, 0.011836758739415143, 0.015505138065530777], [0.012374194844516628, 0.012374194844516628, 0.0160405790351984]]], [[[0.014750089680420242, 0.014750089680420242, 0.020702556133695094], [0.015543519109487258, 0.015543519109487258, 0.02149119199515026], [0.01575063524844067, 0.01575063524844067, 0.021697056825317973]], [[0.015247628513372802, 0.015247628513372802, 0.021537189469121643], [0.015994211435593098, 0.015994211435593098, 0.02227900400597549], [0.016330303848989702, 0.016330303848989702, 0.022612949815025707]], [[0.014957271674037487, 0.014957271674037487, 0.021078356801898512], [0.015709586990446223, 0.015709586990446223, 0.021825997208313686], [0.01604026623933863, 0.01604026623933863, 0.022154621606412128]], [[0.014207152948971236, 0.014207152948971236, 0.019586052480254246], [0.014811874081671728, 0.014811874081671728, 0.02018747400064058], [0.014768523116355237, 0.014768523116355237, 0.020144359576386273]], [[0.012983582209175504, 0.012983582209175504, 0.01741644269319209], [0.012609219634188373, 0.012609219634188373, 0.01704376144491404], [0.013146235618041291, 0.013146235618041291, 0.017578365597624934]]]]]

AerialEvacuationRisk_Exponential:
[[[[[0.016434945452789007, 0.021534036442816595, 0.046263867790581226], [0.018414049762599194, 0.023502880492862643, 0.04818295110993143], [0.018930279816742446, 0.024016434258329777, 0.04868352527418496]], [[0.017266750547656584, 0.022803388215386966, 0.048792302626109785], [0.019128433529898903, 0.02465458263002407, 0.050594263823378394], [0.01996582397288227, 0.02548725528466378, 0.05140479123304642]], [[0.016630669734436943, 0.021833431158406857, 0.04686180920877925], [0.018507300071993082, 0.02370013271373772, 0.04868074741406081], [0.019331490153386754, 0.024519962211341118, 0.04947959990912043]], [[0.01663362008387359, 0.02183734420817407, 0.04686848253522624], [0.018141098332058236, 0.023336845265875872, 0.04832961142836567], [0.018033077109333995, 0.02322939566391702, 0.04822491145688379]], [[0.015202660495851839, 0.01965142798661257, 0.0425055370659988], [0.014268536497678452, 0.018721523841914278, 0.04159731105840714], [0.015608353991830248, 0.020055288784670555, 0.042899982969196726]]], [[[0.018710359944625665, 0.02605626146411444, 0.05724716221389614], [0.02068488572390892, 0.02801600600926435, 0.05914414523064959], [0.02119992151302541, 0.028527186257639836, 0.0596389547465469]], [[0.019407863090123434, 0.027057061211425593, 0.05911143520661988], [0.02126548996376698, 0.028900197497742197, 0.06089384791142893], [0.022101055957255644, 0.029729245582727493, 0.061695582352091716]], [[0.01878788715468127, 0.026120546058116423, 0.05727260954670621], [0.0206604007280361, 0.027979066221539117, 0.059071680116145275], [0.021482782783547316, 0.02879530256500462, 0.05986180702040811]], [[0.018367817576234402, 0.02528451527485609, 0.055244946941100714], [0.01987263733918787, 0.026778731897878383, 0.056693234905216605], [0.019764806615282238, 0.02667166096214313, 0.056589455074941286]], [[0.014129578350957073, 0.01751368786178087, 0.03727644906484262], [0.013194436486728023, 0.01658175597566569, 0.036363263035128046], [0.014535713909915593, 0.01791842931541121, 0.03767304912393321]]], [[[0.019304871037493454, 0.027236084144437678, 0.060100092232114655], [0.021278200556843818, 0.02919345468073009, 0.061991334656450126], [0.02179292431322566, 0.029704015692052277, 0.06248464679481158]], [[0.020372339377301873, 0.028970121158839568, 0.06373038983225088], [0.02222813915382471, 0.03080963335779574, 0.06550405242177992], [0.023062883313691773, 0.031637051317701004, 0.0663018510350325]], [[0.01973532774102582, 0.02800045258553907, 0.06181613736438596], [0.021606033249300105, 0.029855385195931006, 0.06360653721176801], [0.022427621227642303, 0.03067004593573852, 0.06439285605486134]], [[0.01824215433134113, 0.025034931206129873, 0.05463995887199202], [0.019747166733184995, 0.026529530435841275, 0.056089174269029485], [0.01963932220537301, 0.026422432083695546, 0.05598532798178302]], [[0.015670351531642757, 0.020582409944869928, 0.044777455471118555], [0.014736671159180648, 0.019653388877891476, 0.04387138447899952], [0.016075852359339393, 0.020985887219018617, 0.04517096544315247]]]], [[[[0.007196450103288621, 0.007196450103288621, 0.011751667730540372], [0.007995962537158952, 0.007995962537158952, 0.012547511812164847], [0.00820466657847907, 0.00820466657847907, 0.012755258269954939]], [[0.0075772283733055446, 0.0075772283733055446, 0.012353948877391607], [0.00832962655418068, 0.00832962655418068, 0.013102725621999323], [0.008668336847330038, 0.008668336847330038, 0.01343980563776237]], [[0.007286099005413216, 0.007286099005413216, 0.011893774364784226], [0.00804427309375888, 0.00804427309375888, 0.012648429392843274], [0.0083775275584701, 0.0083775275584701, 0.012980137059041996]], [[0.007287389576823511, 0.007287389576823511, 0.011895553035419337], [0.007896355543676514, 0.007896355543676514, 0.012501692187455338], [0.007852700276677504, 0.007852700276677504, 0.012458239567832985]], [[0.006632558608539063, 0.006632558608539063, 0.010859031930307017], [0.006255787172355642, 0.006255787172355642, 0.010483863540848404], [0.006796258621716511, 0.006796258621716511, 0.011022035450213519]]], [[[0.00834547992338408, 0.00834547992338408, 0.014037916684163987], [0.009144067034588033, 0.009144067034588033, 0.014831919631693613], [0.009352529530471276, 0.009352529530471276, 0.015039185481415474]], [[0.008658902557799553, 0.008658902557799553, 0.014505765098889012], [0.00941048067517758, 0.00941048067517758, 0.015252910459517044], [0.009748821796850327, 0.009748821796850327, 0.015589256068206936]], [[0.008375527898737523, 0.008375527898737523, 0.014061383112981107], [0.009132869948006106, 0.009132869948006106, 0.014814382654212754], [0.00946575869099009, 0.00946575869099009, 0.015145362653263494]], [[0.008163093886950135, 0.008163093886950135, 0.013638106257813032], [0.008771522664976938, 0.008771522664976938, 0.014243176464419416], [0.00872790590771888, 0.00872790590771888, 0.014199800474856361]], [[0.006091509223026703, 0.006091509223026703, 0.009781216760584965], [0.005714532573801834, 0.005714532573801834, 0.009405639569757929], [0.0062552983973623855, 0.0062552983973623855, 0.009944397896900159]]], [[[0.008645913235917124, 0.008645913235917124, 0.01463525856137482], [0.00944425840583385, 0.00944425840583385, 0.015428780464836533], [0.009652657745570559, 0.009652657745570559, 0.01563592074322695]], [[0.009146534601324197, 0.009146534601324197, 0.015475062918988258], [0.00989774302397839, 0.00989774302397839, 0.016221473413451037], [0.010235917718602883, 0.010235917718602883, 0.0165574882043098]], [[0.008854378838324295, 0.008854378838324295, 0.015013387525742106], [0.009611355170567881, 0.009611355170567881, 0.015765659984299574], [0.009944083163094475, 0.009944083163094475, 0.01609632039507758]], [[0.008099612706540138, 0.008099612706540138, 0.013511837540847615], [0.008708080426228393, 0.008708080426228393, 0.014116985205270605], [0.008664460877338742, 0.008664460877338742, 0.014073603662947853]], [[0.006868461258936254, 0.006868461258936254, 0.011328785802847685], [0.006491779297580269, 0.006491779297580269, 0.010953795584963677], [0.007032122397005236, 0.007032122397005236, 0.011491711910598501]]]]]
[[[[[0.021968551993900354, 0.027038955137480336, 0.05162965470552805], [0.023936521722928372, 0.02899672233169126, 0.053537941126432176], [0.024449847430286442, 0.029507386807362312, 0.054035699025044015]], [[0.02279567729449039, 0.02830116544722705, 0.054143864387895646], [0.024646886316641914, 0.03014194491119626, 0.05593568762405843], [0.02547956554178432, 0.03096993289060579, 0.05674165494921024]], [[0.022163175116900802, 0.027336665437231567, 0.05222423206302895], [0.024029247399488307, 0.029192864797624618, 0.0540329367933573], [0.02484880052920868, 0.030008081876507386, 0.05482729488779581]], [[0.022166108867462953, 0.027340556471904143, 0.05223086784486952], [0.023665105936435116, 0.02883162123063121, 0.05368377632354526], [0.023557692448747725, 0.02872477614773028, 0.05357966540150583]], [[0.020743199959261216, 0.025166938369563185, 0.04789246861533969], [0.019814331408749997, 0.02424226593133294, 0.04698935235148394], [0.02114661099494619, 0.02556852701821577, 0.0482846953379964]]], [[[0.024231164842919872, 0.03153573780105856, 0.06255115633782937], [0.026194581800557448, 0.03348445668483124, 0.06443746679400197], [0.02670671996190821, 0.03399276099698578, 0.06492949247657676]], [[0.024924743786403192, 0.03253090697822858, 0.06440494079888026], [0.02677191951990976, 0.03436367364947701, 0.0661773255237843], [0.027602784560039284, 0.035188057451317256, 0.0669745493497963]], [[0.02430825587940999, 0.031599660725389445, 0.06257646050214583], [0.026170234559002692, 0.033447724722963645, 0.06436540937335566], [0.02698798983492201, 0.03425936886304781, 0.06515109096778815]], [[0.023890549642113013, 0.030768333510428292, 0.06056020566972797], [0.02538690318268, 0.03225414356507905, 0.062000345463354645], [0.025279679122051313, 0.032147675017998756, 0.06189714950574232]], [[0.019676155050387223, 0.023041225321825398, 0.04269279983300733], [0.018746274360406767, 0.02211453655039497, 0.041784751452463964], [0.020080005661974765, 0.023443689671419854, 0.04308716859212336]]], [[[0.024822331174343515, 0.03270892271556147, 0.06538803557004536], [0.02678455860229123, 0.034655280946818245, 0.06726863773077874], [0.027296386486425517, 0.03516296950579101, 0.06775917446016955]], [[0.025883793861795512, 0.03443320391511295, 0.06899790885919832], [0.02772915277755883, 0.03626236688837281, 0.07076159269758964], [0.02855920060776085, 0.037085129736332045, 0.07155490283943466]], [[0.025250366098025778, 0.03346899076576759, 0.0670944261110673], [0.027110546884839937, 0.03531348739413798, 0.06887475304231538], [0.027927512551124467, 0.03612356479502188, 0.06965664799999982]], [[0.02376559338752071, 0.030520153619320034, 0.0599586213062725], [0.025262138483178043, 0.03200634412808734, 0.06139968331501755], [0.02515490069630477, 0.031899848318843405, 0.061296421274325774]], [[0.021208259732216184, 0.026092682557497082, 0.05015160504687333], [0.02027983231154662, 0.02516888822872898, 0.049250631674220835], [0.021611479183584636, 0.02649388983997303, 0.05054290110398085]]]], [[[[0.009768381935412962, 0.009768381935412962, 0.014311798930788489], [0.010565823172540512, 0.010565823172540512, 0.015105581318810901], [0.010773986550435821, 0.010773986550435821, 0.01531278959386806]], [[0.01014817377084909, 0.01014817377084909, 0.01491251982329378], [0.01089862280797671, 0.01089862280797671, 0.015659356805755364], [0.011236455646784882, 0.011236455646784882, 0.01599556359053267]], [[0.009857798595353295, 0.009857798595353295, 0.014453537427170482], [0.010614008577031098, 0.010614008577031098, 0.015206237464950534], [0.01094639972113276, 0.01094639972113276, 0.015537085817636798]], [[0.00985908582344186, 0.00985908582344186, 0.014455311490026324], [0.010466474218422728, 0.010466474218422728, 0.015059880393265335], [0.010422932043657185, 0.010422932043657185, 0.015016540340903273]], [[0.009205951243745125, 0.009205951243745125, 0.01342147557034179], [0.008830155862139977, 0.008830155862139977, 0.013047279082649021], [0.009369227179797934, 0.009369227179797934, 0.01358405681744157]]], [[[0.010914435107841736, 0.010914435107841736, 0.016592125185545314], [0.011710953419420411, 0.011710953419420411, 0.017384071209068375], [0.011918875877620416, 0.011918875877620416, 0.017590800121108363]], [[0.01122704579748679, 0.01122704579748679, 0.01705876160396902], [0.01197667689555304, 0.01197667689555304, 0.01780397142867307], [0.01231414151925092, 0.01231414151925092, 0.018139445708913682]], [[0.010944405241668287, 0.010944405241668287, 0.016615530822823854], [0.011699785339728486, 0.011699785339728486, 0.01736657966243893], [0.01203181170953227, 0.01203181170953227, 0.01769670223305342]], [[0.01073252155607296, 0.01073252155607296, 0.016193350497999304], [0.011339374153855442, 0.011339374153855442, 0.016796853224991803], [0.01129587038906843, 0.01129587038906843, 0.01675358960417317]], [[0.008666303487122606, 0.008666303487122606, 0.012346452561409649], [0.008290303424095646, 0.008290303424095646, 0.011971848331378987], [0.008829668353354858, 0.008829668353354858, 0.01250921096478963]]], [[[0.011214090125414078, 0.011214090125414078, 0.01718791960395738], [0.012010367122472387, 0.012010367122472387, 0.017979385829593242], [0.01221822658813665, 0.01221822658813665, 0.018185989495603683]], [[0.011713414593740423, 0.011713414593740423, 0.018025548385586787], [0.01246267695480463, 0.01246267695480463, 0.01877002524785132], [0.012799975582596046, 0.012799975582596046, 0.019105169567269153]], [[0.011422015682090336, 0.011422015682090336, 0.01756506899696819], [0.012177031010542905, 0.012177031010542905, 0.018315392637471173], [0.012508897046325296, 0.012508897046325296, 0.018645196447730217]], [[0.010669204828407497, 0.010669204828407497, 0.0160674088895868], [0.011276096266970237, 0.011276096266970237, 0.016670988873735637], [0.011232589717783625, 0.011232589717783625, 0.016627719714542133]], [[0.00944124277068703, 0.00944124277068703, 0.013890012510350158], [0.009065536632118065, 0.009065536632118065, 0.013515993732665321], [0.00960447993234026, 0.00960447993234026, 0.014052516545836169]]]]]
[[[[[0.07417457250613457, 0.0789743242600699, 0.1022524049254464], [0.07603749462319631, 0.08082758844008064, 0.10405882955015167], [0.07652341968565435, 0.0813109943238669, 0.10453001779283055]], [[0.07495754695605739, 0.08016915945886727, 0.10463240943218566], [0.07670994089779415, 0.08191168055839393, 0.10632858752236451], [0.07749817281114868, 0.0826954716384859, 0.10709153338149413]], [[0.07435880690516083, 0.07925614317918384, 0.10281524453281154], [0.0761252707262201, 0.08101326108153073, 0.10452740300540486], [0.07690107719770345, 0.08178496295481463, 0.10527935931914723]], [[0.07436158405601201, 0.07925982651559038, 0.1028215261054255], [0.07578056665112443, 0.08067130021664959, 0.10419688025801599], [0.0756788867528353, 0.08057015838245396, 0.10409832663880425]], [[0.07301462813664317, 0.07720223326241749, 0.09871470486822786], [0.07213534135643185, 0.07632691861158336, 0.09785979575179249], [0.07339650562670774, 0.07758238564205056, 0.09908599504904825]]], [[[0.07631641008453482, 0.08323107463383539, 0.11259093129718467], [0.07817502245109975, 0.0850757734902089, 0.11437655300498606], [0.07865982335718014, 0.08555694519287438, 0.11484231500971143]], [[0.0769729667046315, 0.08417312300125801, 0.11434576320431078], [0.07872154264931763, 0.08590805902030363, 0.11602354038516038], [0.07950805721644716, 0.08668843830904094, 0.1167782094615285]], [[0.07638938610382329, 0.08329158543731308, 0.1126148847587971], [0.07815197483298197, 0.08504100223170996, 0.1143083419138089], [0.07892607941771379, 0.08580932188492585, 0.11505208486759888]], [[0.07599397647103412, 0.08250463336563096, 0.11070625493307373], [0.07741045664577872, 0.08391113285174268, 0.11206952197607489], [0.07730895606318344, 0.08381034745438543, 0.11197183448170356]], [[0.07200454066867124, 0.07518998795561949, 0.09379258750375707], [0.07112429577565216, 0.07431276460077496, 0.09293300954047623], [0.07238683427066017, 0.07557096929244045, 0.09416590538197367]]], [[[0.07687602074186695, 0.08434163649481985, 0.11527638168149412], [0.07873350707425797, 0.08618410070717542, 0.11705659979509009], [0.07921801426530783, 0.0866646895247466, 0.11752095232497606]], [[0.07788082395998697, 0.08597387785265043, 0.118693564726009], [0.07962768006624943, 0.08770540253432269, 0.12036310546211881], [0.0804134210450328, 0.08848424739354555, 0.12111406976158612]], [[0.07728120772947189, 0.08506113312137631, 0.11689168736040045], [0.07904209453498223, 0.08680717296800233, 0.11857698280316142], [0.07981545165839343, 0.08757400951247685, 0.1193171412458468]], [[0.07587569021545226, 0.08226970098769038, 0.11013678234443136], [0.07729235172033067, 0.08367656061978301, 0.1115009223759319], [0.0771908381441796, 0.08357574941548007, 0.11140317232590813]], [[0.07345486363621112, 0.07807856245437872, 0.10085325159569314], [0.07257599443891616, 0.07720407904068916, 0.10000037098577297], [0.0738365597684757, 0.07845835382465549, 0.10122366078865608]]]], [[[[0.03108976406180808, 0.03108976406180808, 0.03553535351042503], [0.03187003502378993, 0.03187003502378993, 0.03631204440458735], [0.03207371628775968, 0.03207371628775968, 0.036514791130718316]], [[0.031461378328780265, 0.031461378328780265, 0.03612313985361193], [0.03219566891328418, 0.03219566891328418, 0.03685389615717105], [0.03252622763266444, 0.03252622763266444, 0.03718286383424774]], [[0.03117725542796823, 0.03117725542796823, 0.035674040134307416], [0.0319171829140229, 0.0319171829140229, 0.036410533251565846], [0.03224241710770037, 0.03224241710770037, 0.03673425787276863]], [[0.031178514939832258, 0.031178514939832258, 0.03567577599855254], [0.03177282522275093, 0.03177282522275093, 0.03626732749821404], [0.0317302205855573, 0.0317302205855573, 0.036224920631382385]], [[0.030539443465877225, 0.030539443465877225, 0.03466420033626383], [0.03017173960224262, 0.03017173960224262, 0.03429806093961818], [0.030699203791479834, 0.030699203791479834, 0.03482328093075593]]], [[[0.032211140747260614, 0.032211140747260614, 0.037766580436738306], [0.03299050865586084, 0.03299050865586084, 0.03854147450647305], [0.03319395418754889, 0.03319395418754889, 0.038743752191093384]], [[0.03251702039353255, 0.03251702039353255, 0.0382231693741385], [0.03325051065060347, 0.03325051065060347, 0.038952333555432594], [0.03358070908317523, 0.03358070908317523, 0.03928058450004934]], [[0.032240465572793586, 0.032240465572793586, 0.03778948211057309], [0.03297958104404575, 0.03297958104404575, 0.0385243595827901], [0.03330445831764062, 0.03330445831764062, 0.03884737404925165]], [[0.032033144105718225, 0.032033144105718225, 0.03737639205096299], [0.0326269301280695, 0.0326269301280695, 0.037966900330977826], [0.03258436307382184, 0.03258436307382184, 0.03792456824998758]], [[0.030011415249393325, 0.030011415249393325, 0.03361232441327611], [0.029643511111478338, 0.029643511111478338, 0.03324578605368311], [0.030171262590356407, 0.030171262590356407, 0.03377157834957023]]], [[[0.03250434367926103, 0.03250434367926103, 0.038349546381253985], [0.0332834754692557, 0.0332834754692557, 0.03912397098397147], [0.03348685936474505, 0.03348685936474505, 0.039326126119323734]], [[0.03299291683688388, 0.03299291683688388, 0.0391691395810988], [0.033726046296491896, 0.033726046296491896, 0.03989758658188958], [0.034056082307333146, 0.034056082307333146, 0.040225514670304996]], [[0.03270779224270981, 0.03270779224270981, 0.03871857510211052], [0.03344655079846848, 0.03344655079846848, 0.039452742989993794], [0.03377127119030798, 0.03377127119030798, 0.039775445559556255]], [[0.031971190695604834, 0.031971190695604834, 0.03725316218100594], [0.0325650147224279, 0.0325650147224279, 0.03784374605469831], [0.032522444943733575, 0.032522444943733575, 0.037801408554583915]], [[0.03076966876339826, 0.03076966876339826, 0.03512264887376526], [0.03040205222124437, 0.03040205222124437, 0.03475668336072668], [0.030929391149480345, 0.030929391149480345, 0.03528165391914173]]]]]

============= END OF DEBUG INFO =============
