
=====================================
Scenario 1:
=====================================

CasualtyDemand:
11 3 3 6
1 2 29 5
7 16 20 6
8 28 16 17
7 5 12 13
6 11 1 6

HospitalDisruption:
0 0 0

PatientDemand:
117 114 83
168 167 122

PatientDischargedPercentage:
0.0000 0.0000 0.0000 0.0000 0.0000 0.0000 0.0000 0.0000
0.0000 0.0000 0.0000 0.0000 0.0000 0.0000 0.0000 0.0000
0.0000 0.0000 0.0000 0.0000 0.0000 0.0000 0.0000 0.0000
0.0680 0.0670 0.0760 0.0760 0.0660 0.0690 0.0680 0.0660
0.0540 0.0490 0.0560 0.0530 0.0480 0.0390 0.0520 0.0480
0.0730 0.0690 0.0750 0.0810 0.0710 0.0780 0.0670 0.0760


=====================================
Scenario 2:
=====================================

CasualtyDemand:
1 16 11 9
17 4 14 30
20 2 0 12
4 27 18 1
3 18 1 5
27 22 19 11

HospitalDisruption:
0 0 0

PatientDemand:
107 129 90
172 186 124

PatientDischargedPercentage:
0.0000 0.0000 0.0000 0.0000 0.0000 0.0000 0.0000 0.0000
0.0000 0.0000 0.0000 0.0000 0.0000 0.0000 0.0000 0.0000
0.0000 0.0000 0.0000 0.0000 0.0000 0.0000 0.0000 0.0000
0.0730 0.0760 0.0650 0.0840 0.0830 0.0730 0.0820 0.0640
0.0570 0.0520 0.0480 0.0440 0.0360 0.0360 0.0420 0.0630
0.0690 0.0810 0.0630 0.0830 0.0720 0.0660 0.0830 0.0680


=====================================
Scenario 3:
=====================================

CasualtyDemand:
16 10 15 3
23 11 5 6
19 12 6 19
11 26 28 13
9 10 1 13
3 11 17 24

HospitalDisruption:
0 0 0

PatientDemand:
122 122 93
163 192 130

PatientDischargedPercentage:
0.0000 0.0000 0.0000 0.0000 0.0000 0.0000 0.0000 0.0000
0.0000 0.0000 0.0000 0.0000 0.0000 0.0000 0.0000 0.0000
0.0000 0.0000 0.0000 0.0000 0.0000 0.0000 0.0000 0.0000
0.0710 0.0790 0.0700 0.0640 0.0720 0.0770 0.0660 0.0720
0.0410 0.0460 0.0380 0.0550 0.0630 0.0590 0.0580 0.0390
0.0660 0.0790 0.0730 0.0730 0.0720 0.0710 0.0780 0.0760


=====================================
Scenario 4:
=====================================

CasualtyDemand:
6 5 7 12
6 16 24 28
8 9 10 1
10 11 5 25
14 13 10 16
30 28 6 18

HospitalDisruption:
0 0 0

PatientDemand:
112 117 86
177 173 133

PatientDischargedPercentage:
0.0000 0.0000 0.0000 0.0000 0.0000 0.0000 0.0000 0.0000
0.0000 0.0000 0.0000 0.0000 0.0000 0.0000 0.0000 0.0000
0.0000 0.0000 0.0000 0.0000 0.0000 0.0000 0.0000 0.0000
0.0830 0.0810 0.0790 0.0760 0.0840 0.0680 0.0640 0.0700
0.0430 0.0620 0.0490 0.0500 0.0650 0.0590 0.0420 0.0570
0.0760 0.0660 0.0690 0.0770 0.0720 0.0820 0.0710 0.0630


=====================================
Scenario 5:
=====================================

CasualtyDemand:
14 19 19 17
28 6 6 24
14 0 11 14
26 16 9 9
4 5 17 9
6 16 27 26

HospitalDisruption:
0 1 1

PatientDemand:
120 131 96
186 198 126

PatientDischargedPercentage:
0.0000 0.0000 0.0000 0.0000 0.0000 0.0000 0.0000 0.0000
0.0000 0.0000 0.0000 0.0000 0.0000 0.0000 0.0000 0.0000
0.0000 0.0000 0.0000 0.0000 0.0000 0.0000 0.0000 0.0000
0.0750 0.0800 0.0810 0.0810 0.0730 0.0790 0.0750 0.0740
0.0470 0.0590 0.0390 0.0590 0.0430 0.0410 0.0440 0.0370
0.0700 0.0790 0.0730 0.0820 0.0750 0.0820 0.0750 0.0790

