
=====================================
Scenario 1:
=====================================

CasualtyDemand:
11 3 3 6 1 1 20 3 7 16
30 9 8 28 16 17 10 7 18 20
4 8 1 4 5 3 12 12 3 5
7 4 19 14 21 18 13 4 17 13
9 6 11 16 7 14 3 12 6 5
25 17 15 21 22 11 16 28 28 12
2 2 6 0 18 1 8 19 15 15
20 23 20 24 4 3 16 21 7 21

HospitalDisruption:
0 0 0 0 0

PatientDemand:
120 122 105 106 90
164 213 157 161 155

PatientDischargedPercentage:
0.0000 0.0000 0.0000 0.0000 0.0000 0.0000 0.0000 0.0000 0.0000 0.0000 0.0000 0.0000 0.0000 0.0000 0.0000
0.0000 0.0000 0.0000 0.0000 0.0000 0.0000 0.0000 0.0000 0.0000 0.0000 0.0000 0.0000 0.0000 0.0000 0.0000
0.0000 0.0000 0.0000 0.0000 0.0000 0.0000 0.0000 0.0000 0.0000 0.0000 0.0000 0.0000 0.0000 0.0000 0.0000
0.0780 0.0670 0.0760 0.0700 0.0680 0.0810 0.0760 0.0740 0.0780 0.0790 0.0710 0.0750 0.0840 0.0840 0.0720
0.0390 0.0380 0.0440 0.0350 0.0610 0.0370 0.0470 0.0640 0.0570 0.0570 0.0550 0.0580 0.0550 0.0590 0.0390
0.0650 0.0750 0.0780 0.0680 0.0790 0.0810 0.0770 0.0830 0.0640 0.0780 0.0730 0.0640 0.0700 0.0740 0.0810
0.0610 0.0610 0.0430 0.0610 0.0370 0.0540 0.0390 0.0520 0.0630 0.0540 0.0480 0.0420 0.0490 0.0560 0.0570
0.5050 0.4810 0.4570 0.4160 0.4300 0.4550 0.5130 0.4660 0.4670 0.4750 0.4320 0.5190 0.4530 0.4410 0.5480


=====================================
Scenario 2:
=====================================

CasualtyDemand:
1 16 11 9 12 3 9 20 20 2
1 17 4 27 18 1 4 27 2 8
18 15 13 7 9 12 2 19 18 9
26 2 22 17 13 9 1 1 7 28
5 16 0 18 8 2 18 5 1 20
10 27 29 2 11 5 26 10 5 27
3 15 2 10 8 6 12 4 14 3
28 29 24 3 4 17 3 20 17 4

HospitalDisruption:
0 0 0 0 0

PatientDemand:
109 138 113 109 99
166 194 184 179 136

PatientDischargedPercentage:
0.0000 0.0000 0.0000 0.0000 0.0000 0.0000 0.0000 0.0000 0.0000 0.0000 0.0000 0.0000 0.0000 0.0000 0.0000
0.0000 0.0000 0.0000 0.0000 0.0000 0.0000 0.0000 0.0000 0.0000 0.0000 0.0000 0.0000 0.0000 0.0000 0.0000
0.0000 0.0000 0.0000 0.0000 0.0000 0.0000 0.0000 0.0000 0.0000 0.0000 0.0000 0.0000 0.0000 0.0000 0.0000
0.0660 0.0830 0.0680 0.0640 0.0850 0.0710 0.0830 0.0840 0.0650 0.0710 0.0660 0.0820 0.0700 0.0670 0.0830
0.0390 0.0570 0.0380 0.0500 0.0470 0.0440 0.0540 0.0420 0.0560 0.0400 0.0630 0.0640 0.0590 0.0380 0.0390
0.0750 0.0650 0.0770 0.0750 0.0660 0.0710 0.0750 0.0820 0.0670 0.0820 0.0710 0.0670 0.0780 0.0840 0.0690
0.0560 0.0500 0.0570 0.0580 0.0400 0.0530 0.0620 0.0640 0.0590 0.0600 0.0390 0.0380 0.0610 0.0530 0.0420
0.4710 0.4520 0.4800 0.5000 0.5490 0.4330 0.4890 0.4340 0.4310 0.4650 0.4110 0.5290 0.4540 0.4180 0.4940


=====================================
Scenario 3:
=====================================

CasualtyDemand:
16 10 15 3 15 7 3 4 19 12
9 29 11 26 28 13 14 16 1 20
2 7 11 16 7 15 6 1 8 12
4 12 6 11 3 20 28 24 23 4
3 15 9 9 8 7 13 11 5 9
19 26 7 8 3 11 10 26 3 21
2 1 12 6 14 11 6 19 13 2
19 6 10 1 27 25 1 11 14 30

HospitalDisruption:
0 0 0 0 0

PatientDemand:
126 130 117 103 103
174 184 159 178 150

PatientDischargedPercentage:
0.0000 0.0000 0.0000 0.0000 0.0000 0.0000 0.0000 0.0000 0.0000 0.0000 0.0000 0.0000 0.0000 0.0000 0.0000
0.0000 0.0000 0.0000 0.0000 0.0000 0.0000 0.0000 0.0000 0.0000 0.0000 0.0000 0.0000 0.0000 0.0000 0.0000
0.0000 0.0000 0.0000 0.0000 0.0000 0.0000 0.0000 0.0000 0.0000 0.0000 0.0000 0.0000 0.0000 0.0000 0.0000
0.0710 0.0780 0.0760 0.0680 0.0730 0.0770 0.0820 0.0680 0.0690 0.0650 0.0710 0.0700 0.0820 0.0650 0.0780
0.0390 0.0370 0.0530 0.0440 0.0550 0.0510 0.0440 0.0640 0.0550 0.0380 0.0540 0.0410 0.0450 0.0360 0.0620
0.0810 0.0640 0.0710 0.0730 0.0850 0.0780 0.0720 0.0670 0.0790 0.0840 0.0720 0.0780 0.0800 0.0650 0.0850
0.0590 0.0580 0.0530 0.0410 0.0530 0.0450 0.0560 0.0480 0.0410 0.0350 0.0630 0.0570 0.0510 0.0380 0.0400
0.4990 0.5170 0.5380 0.5250 0.5040 0.5030 0.4640 0.4920 0.4680 0.4370 0.4310 0.4200 0.4190 0.5280 0.5190


=====================================
Scenario 4:
=====================================

CasualtyDemand:
6 5 7 12 4 10 16 19 8 9
15 1 10 11 5 25 21 20 16 24
20 19 4 12 18 17 14 12 19 4
1 9 8 27 14 15 30 24 7 22
11 3 5 13 8 17 7 0 7 4
3 7 28 21 21 13 24 29 28 12
2 0 11 18 15 7 10 11 5 1
22 14 28 4 5 4 13 29 18 7

HospitalDisruption:
0 0 0 0 0

PatientDemand:
115 124 109 112 93
179 207 182 162 146

PatientDischargedPercentage:
0.0000 0.0000 0.0000 0.0000 0.0000 0.0000 0.0000 0.0000 0.0000 0.0000 0.0000 0.0000 0.0000 0.0000 0.0000
0.0000 0.0000 0.0000 0.0000 0.0000 0.0000 0.0000 0.0000 0.0000 0.0000 0.0000 0.0000 0.0000 0.0000 0.0000
0.0000 0.0000 0.0000 0.0000 0.0000 0.0000 0.0000 0.0000 0.0000 0.0000 0.0000 0.0000 0.0000 0.0000 0.0000
0.0820 0.0710 0.0630 0.0710 0.0670 0.0650 0.0680 0.0840 0.0780 0.0780 0.0720 0.0810 0.0840 0.0830 0.0720
0.0380 0.0350 0.0510 0.0620 0.0580 0.0460 0.0510 0.0520 0.0430 0.0360 0.0570 0.0490 0.0630 0.0390 0.0400
0.0660 0.0730 0.0840 0.0760 0.0680 0.0710 0.0700 0.0730 0.0790 0.0730 0.0760 0.0650 0.0790 0.0850 0.0670
0.0520 0.0590 0.0360 0.0610 0.0540 0.0440 0.0580 0.0560 0.0520 0.0560 0.0580 0.0470 0.0460 0.0390 0.0390
0.4230 0.4520 0.4140 0.5480 0.5190 0.5420 0.4450 0.4510 0.4400 0.4290 0.5050 0.5400 0.5260 0.4170 0.4720


=====================================
Scenario 5:
=====================================

CasualtyDemand:
14 19 19 17 19 4 4 16 14 0
17 21 26 16 9 9 6 8 26 13
4 11 18 17 11 15 16 16 9 15
16 15 12 24 4 24 8 6 9 2
6 14 9 17 11 18 11 15 5 10
28 12 9 3 6 19 15 27 6 12
14 12 7 15 9 14 19 17 11 11
22 23 13 4 4 20 27 21 0 2

HospitalDisruption:
0 1 1 1 1

PatientDemand:
123 140 121 117 106
169 186 177 172 134

PatientDischargedPercentage:
0.0000 0.0000 0.0000 0.0000 0.0000 0.0000 0.0000 0.0000 0.0000 0.0000 0.0000 0.0000 0.0000 0.0000 0.0000
0.0000 0.0000 0.0000 0.0000 0.0000 0.0000 0.0000 0.0000 0.0000 0.0000 0.0000 0.0000 0.0000 0.0000 0.0000
0.0000 0.0000 0.0000 0.0000 0.0000 0.0000 0.0000 0.0000 0.0000 0.0000 0.0000 0.0000 0.0000 0.0000 0.0000
0.0820 0.0750 0.0790 0.0690 0.0740 0.0830 0.0710 0.0690 0.0650 0.0680 0.0770 0.0740 0.0830 0.0670 0.0720
0.0550 0.0530 0.0450 0.0580 0.0480 0.0560 0.0630 0.0600 0.0510 0.0510 0.0570 0.0580 0.0480 0.0390 0.0390
0.0780 0.0830 0.0780 0.0630 0.0650 0.0840 0.0810 0.0730 0.0730 0.0680 0.0750 0.0770 0.0640 0.0670 0.0720
0.0430 0.0490 0.0480 0.0570 0.0520 0.0410 0.0580 0.0370 0.0450 0.0350 0.0430 0.0580 0.0350 0.0490 0.0400
0.4560 0.5190 0.5110 0.4560 0.4220 0.5040 0.4380 0.4360 0.4870 0.5100 0.4650 0.4510 0.4280 0.4210 0.5040


=====================================
Scenario 6:
=====================================

CasualtyDemand:
4 12 4 15 10 9 17 2 5 7
8 0 29 18 27 23 11 5 28 10
16 0 15 13 1 11 17 11 2 19
27 12 17 5 5 1 1 20 28 10
5 16 19 12 17 18 1 14 8 12
18 10 28 5 20 19 9 4 11 21
15 14 2 14 18 6 4 7 11 14
18 18 7 13 23 17 3 6 17 24

HospitalDisruption:
0 0 0 0 0

PatientDemand:
112 132 106 115 98
176 209 155 157 143

PatientDischargedPercentage:
0.0000 0.0000 0.0000 0.0000 0.0000 0.0000 0.0000 0.0000 0.0000 0.0000 0.0000 0.0000 0.0000 0.0000 0.0000
0.0000 0.0000 0.0000 0.0000 0.0000 0.0000 0.0000 0.0000 0.0000 0.0000 0.0000 0.0000 0.0000 0.0000 0.0000
0.0000 0.0000 0.0000 0.0000 0.0000 0.0000 0.0000 0.0000 0.0000 0.0000 0.0000 0.0000 0.0000 0.0000 0.0000
0.0830 0.0640 0.0780 0.0720 0.0760 0.0760 0.0700 0.0830 0.0660 0.0780 0.0770 0.0700 0.0660 0.0710 0.0790
0.0570 0.0560 0.0380 0.0550 0.0620 0.0440 0.0400 0.0460 0.0510 0.0570 0.0530 0.0530 0.0420 0.0480 0.0580
0.0750 0.0650 0.0680 0.0760 0.0810 0.0730 0.0640 0.0640 0.0770 0.0850 0.0690 0.0640 0.0800 0.0840 0.0740
0.0490 0.0580 0.0530 0.0410 0.0440 0.0440 0.0370 0.0480 0.0620 0.0520 0.0600 0.0510 0.0480 0.0560 0.0450
0.5150 0.4850 0.4850 0.4930 0.4940 0.4140 0.5420 0.5440 0.5030 0.4360 0.4280 0.4800 0.4580 0.4620 0.5300


=====================================
Scenario 7:
=====================================

CasualtyDemand:
19 1 12 0 17 18 10 5 17 4
25 24 1 9 16 10 27 10 0 1
14 12 19 10 14 11 10 19 13 18
19 3 23 14 3 27 26 15 20 8
12 0 15 19 11 1 3 10 19 4
14 23 5 27 23 25 21 7 25 7
5 16 10 16 20 9 5 1 10 12
4 28 20 10 26 16 6 26 14 22

HospitalDisruption:
1 0 0 0 0

PatientDemand:
128 119 114 100 104
191 196 160 176 140

PatientDischargedPercentage:
0.0000 0.0000 0.0000 0.0000 0.0000 0.0000 0.0000 0.0000 0.0000 0.0000 0.0000 0.0000 0.0000 0.0000 0.0000
0.0000 0.0000 0.0000 0.0000 0.0000 0.0000 0.0000 0.0000 0.0000 0.0000 0.0000 0.0000 0.0000 0.0000 0.0000
0.0000 0.0000 0.0000 0.0000 0.0000 0.0000 0.0000 0.0000 0.0000 0.0000 0.0000 0.0000 0.0000 0.0000 0.0000
0.0650 0.0660 0.0740 0.0840 0.0680 0.0730 0.0800 0.0670 0.0830 0.0800 0.0820 0.0780 0.0680 0.0810 0.0680
0.0420 0.0590 0.0500 0.0590 0.0640 0.0490 0.0420 0.0370 0.0510 0.0530 0.0390 0.0630 0.0550 0.0450 0.0610
0.0750 0.0670 0.0820 0.0740 0.0790 0.0710 0.0660 0.0830 0.0740 0.0680 0.0840 0.0810 0.0710 0.0770 0.0770
0.0360 0.0520 0.0620 0.0540 0.0600 0.0430 0.0360 0.0550 0.0540 0.0530 0.0540 0.0400 0.0510 0.0410 0.0410
0.4270 0.5380 0.4920 0.4780 0.4080 0.4370 0.4140 0.5090 0.4420 0.4930 0.4940 0.5310 0.5110 0.5320 0.4160


=====================================
Scenario 8:
=====================================

CasualtyDemand:
9 14 16 8 6 12 18 11 9 17
7 3 22 12 15 6 8 10 19 16
2 9 12 14 5 6 17 6 8 1
2 24 13 5 29 5 9 5 3 26
20 1 1 2 8 1 9 5 1 17
0 2 6 13 6 3 5 5 20 23
4 1 13 10 12 6 15 6 3 5
9 28 13 25 10 14 5 15 3 9

HospitalDisruption:
0 0 0 0 0

PatientDemand:
117 135 118 108 94
181 211 170 164 156

PatientDischargedPercentage:
0.0000 0.0000 0.0000 0.0000 0.0000 0.0000 0.0000 0.0000 0.0000 0.0000 0.0000 0.0000 0.0000 0.0000 0.0000
0.0000 0.0000 0.0000 0.0000 0.0000 0.0000 0.0000 0.0000 0.0000 0.0000 0.0000 0.0000 0.0000 0.0000 0.0000
0.0000 0.0000 0.0000 0.0000 0.0000 0.0000 0.0000 0.0000 0.0000 0.0000 0.0000 0.0000 0.0000 0.0000 0.0000
0.0640 0.0730 0.0690 0.0640 0.0810 0.0630 0.0640 0.0670 0.0720 0.0670 0.0650 0.0670 0.0660 0.0780 0.0800
0.0400 0.0370 0.0550 0.0490 0.0520 0.0440 0.0580 0.0440 0.0390 0.0430 0.0440 0.0630 0.0480 0.0600 0.0450
0.0730 0.0670 0.0740 0.0650 0.0690 0.0710 0.0700 0.0750 0.0640 0.0690 0.0750 0.0710 0.0640 0.0660 0.0660
0.0620 0.0580 0.0550 0.0410 0.0530 0.0470 0.0420 0.0610 0.0500 0.0480 0.0490 0.0520 0.0400 0.0620 0.0570
0.4800 0.5420 0.4930 0.4810 0.4610 0.4830 0.4790 0.5000 0.5000 0.4200 0.4970 0.5160 0.4990 0.4770 0.5470


=====================================
Scenario 9:
=====================================

CasualtyDemand:
12 7 8 11 13 13 14 17 15 7
29 20 23 5 29 6 23 13 3 5
3 5 8 18 14 0 15 12 3 8
25 18 23 22 30 25 20 4 2 23
10 10 2 20 10 9 17 19 4 3
5 27 17 20 1 27 17 3 17 18
1 4 19 8 12 8 1 4 3 14
19 16 22 29 2 14 27 26 26 6

HospitalDisruption:
0 0 0 0 0

PatientDemand:
122 127 110 111 101
183 203 179 173 142

PatientDischargedPercentage:
0.0000 0.0000 0.0000 0.0000 0.0000 0.0000 0.0000 0.0000 0.0000 0.0000 0.0000 0.0000 0.0000 0.0000 0.0000
0.0000 0.0000 0.0000 0.0000 0.0000 0.0000 0.0000 0.0000 0.0000 0.0000 0.0000 0.0000 0.0000 0.0000 0.0000
0.0000 0.0000 0.0000 0.0000 0.0000 0.0000 0.0000 0.0000 0.0000 0.0000 0.0000 0.0000 0.0000 0.0000 0.0000
0.0720 0.0820 0.0830 0.0670 0.0660 0.0670 0.0830 0.0760 0.0770 0.0640 0.0830 0.0750 0.0650 0.0750 0.0760
0.0370 0.0400 0.0630 0.0470 0.0530 0.0470 0.0360 0.0410 0.0390 0.0550 0.0540 0.0510 0.0570 0.0640 0.0370
0.0730 0.0830 0.0820 0.0820 0.0670 0.0730 0.0750 0.0690 0.0840 0.0800 0.0730 0.0650 0.0780 0.0680 0.0830
0.0530 0.0360 0.0550 0.0580 0.0510 0.0620 0.0450 0.0510 0.0410 0.0530 0.0610 0.0430 0.0580 0.0570 0.0540
0.4450 0.4710 0.5500 0.5470 0.4100 0.5250 0.5390 0.4630 0.5430 0.5320 0.4360 0.4770 0.5320 0.4310 0.4780


=====================================
Scenario 10:
=====================================

CasualtyDemand:
2 4 20 6 2 15 1 14 4 4
3 8 6 0 24 2 9 11 11 4
12 17 14 2 12 9 13 8 13 9
16 10 24 24 16 29 22 3 11 27
19 17 18 2 4 3 16 15 9 5
12 17 26 25 7 2 24 9 18 13
12 9 18 15 0 11 9 5 12 18
21 22 15 14 20 8 13 30 27 16

HospitalDisruption:
0 0 1 0 0

PatientDemand:
111 123 122 106 91
186 179 174 156 139

PatientDischargedPercentage:
0.0000 0.0000 0.0000 0.0000 0.0000 0.0000 0.0000 0.0000 0.0000 0.0000 0.0000 0.0000 0.0000 0.0000 0.0000
0.0000 0.0000 0.0000 0.0000 0.0000 0.0000 0.0000 0.0000 0.0000 0.0000 0.0000 0.0000 0.0000 0.0000 0.0000
0.0000 0.0000 0.0000 0.0000 0.0000 0.0000 0.0000 0.0000 0.0000 0.0000 0.0000 0.0000 0.0000 0.0000 0.0000
0.0660 0.0800 0.0800 0.0730 0.0690 0.0720 0.0750 0.0820 0.0810 0.0680 0.0640 0.0810 0.0700 0.0760 0.0730
0.0530 0.0480 0.0610 0.0570 0.0360 0.0520 0.0490 0.0420 0.0540 0.0610 0.0560 0.0570 0.0500 0.0490 0.0550
0.0690 0.0730 0.0850 0.0820 0.0750 0.0770 0.0840 0.0840 0.0650 0.0750 0.0700 0.0810 0.0770 0.0710 0.0680
0.0580 0.0410 0.0540 0.0460 0.0470 0.0630 0.0510 0.0490 0.0570 0.0600 0.0580 0.0650 0.0440 0.0590 0.0600
0.4920 0.4630 0.5470 0.5370 0.5220 0.4470 0.5470 0.5450 0.5120 0.4310 0.4700 0.5070 0.4200 0.4270 0.4970


=====================================
Scenario 11:
=====================================

CasualtyDemand:
17 17 0 14 8 20 8 8 2 18
26 23 21 4 10 3 15 23 10 22
13 18 3 18 3 3 15 20 18 1
28 4 9 11 9 9 16 2 8 24
14 1 17 5 4 10 7 17 11 12
2 17 14 30 3 11 15 27 7 30
3 16 16 5 11 19 16 3 12 12
1 4 1 20 29 4 20 4 5 9

HospitalDisruption:
1 0 0 0 0

PatientDemand:
127 139 102 114 96
193 192 165 153 157

PatientDischargedPercentage:
0.0000 0.0000 0.0000 0.0000 0.0000 0.0000 0.0000 0.0000 0.0000 0.0000 0.0000 0.0000 0.0000 0.0000 0.0000
0.0000 0.0000 0.0000 0.0000 0.0000 0.0000 0.0000 0.0000 0.0000 0.0000 0.0000 0.0000 0.0000 0.0000 0.0000
0.0000 0.0000 0.0000 0.0000 0.0000 0.0000 0.0000 0.0000 0.0000 0.0000 0.0000 0.0000 0.0000 0.0000 0.0000
0.0740 0.0710 0.0810 0.0750 0.0760 0.0640 0.0760 0.0730 0.0850 0.0650 0.0710 0.0740 0.0830 0.0680 0.0850
0.0400 0.0590 0.0590 0.0430 0.0510 0.0630 0.0590 0.0390 0.0520 0.0530 0.0360 0.0390 0.0360 0.0550 0.0640
0.0660 0.0770 0.0660 0.0670 0.0700 0.0640 0.0820 0.0810 0.0650 0.0760 0.0820 0.0710 0.0670 0.0820 0.0720
0.0570 0.0400 0.0500 0.0560 0.0420 0.0470 0.0650 0.0380 0.0630 0.0380 0.0430 0.0530 0.0600 0.0640 0.0480
0.5280 0.4850 0.5230 0.4260 0.4380 0.4480 0.4340 0.5450 0.5330 0.5300 0.5330 0.5020 0.4280 0.4110 0.4140


=====================================
Scenario 12:
=====================================

CasualtyDemand:
7 10 8 20 1 6 11 15 11 8
22 14 12 21 22 26 28 19 25 29
19 18 12 6 8 4 15 13 15 3
13 0 22 15 16 10 14 22 15 12
9 14 4 3 12 20 0 14 9 6
10 11 8 1 4 20 2 30 28 17
19 0 11 1 6 7 20 14 6 6
20 7 19 21 24 8 15 11 5 5

HospitalDisruption:
0 0 0 1 0

PatientDemand:
116 131 110 120 90
171 198 175 166 144

PatientDischargedPercentage:
0.0000 0.0000 0.0000 0.0000 0.0000 0.0000 0.0000 0.0000 0.0000 0.0000 0.0000 0.0000 0.0000 0.0000 0.0000
0.0000 0.0000 0.0000 0.0000 0.0000 0.0000 0.0000 0.0000 0.0000 0.0000 0.0000 0.0000 0.0000 0.0000 0.0000
0.0000 0.0000 0.0000 0.0000 0.0000 0.0000 0.0000 0.0000 0.0000 0.0000 0.0000 0.0000 0.0000 0.0000 0.0000
0.0850 0.0630 0.0780 0.0730 0.0700 0.0700 0.0710 0.0690 0.0640 0.0660 0.0780 0.0650 0.0850 0.0830 0.0760
0.0630 0.0350 0.0510 0.0360 0.0430 0.0450 0.0650 0.0560 0.0440 0.0450 0.0550 0.0420 0.0540 0.0560 0.0590
0.0690 0.0740 0.0710 0.0660 0.0660 0.0690 0.0810 0.0720 0.0760 0.0820 0.0740 0.0740 0.0720 0.0640 0.0770
0.0380 0.0560 0.0480 0.0350 0.0550 0.0500 0.0640 0.0360 0.0600 0.0450 0.0510 0.0510 0.0500 0.0640 0.0590
0.4410 0.4260 0.4250 0.5320 0.4110 0.4930 0.4080 0.5010 0.5450 0.5280 0.4400 0.5430 0.4790 0.4180 0.4920


=====================================
Scenario 13:
=====================================

CasualtyDemand:
15 6 12 17 12 16 2 9 12 11
23 26 21 14 23 28 19 29 17 1
9 16 7 20 15 19 13 15 12 14
12 3 1 22 8 8 4 4 20 29
17 12 0 4 3 3 15 19 5 3
0 7 16 28 0 9 2 10 24 14
4 6 6 16 0 0 1 12 0 0
14 28 10 13 25 25 4 27 18 7

HospitalDisruption:
0 0 0 0 0

PatientDemand:
124 125 114 117 100
188 182 167 168 148

PatientDischargedPercentage:
0.0000 0.0000 0.0000 0.0000 0.0000 0.0000 0.0000 0.0000 0.0000 0.0000 0.0000 0.0000 0.0000 0.0000 0.0000
0.0000 0.0000 0.0000 0.0000 0.0000 0.0000 0.0000 0.0000 0.0000 0.0000 0.0000 0.0000 0.0000 0.0000 0.0000
0.0000 0.0000 0.0000 0.0000 0.0000 0.0000 0.0000 0.0000 0.0000 0.0000 0.0000 0.0000 0.0000 0.0000 0.0000
0.0660 0.0800 0.0840 0.0680 0.0660 0.0630 0.0680 0.0750 0.0840 0.0630 0.0700 0.0650 0.0700 0.0810 0.0730
0.0410 0.0440 0.0440 0.0590 0.0350 0.0360 0.0370 0.0540 0.0360 0.0350 0.0490 0.0630 0.0450 0.0480 0.0600
0.0810 0.0660 0.0830 0.0760 0.0680 0.0720 0.0810 0.0770 0.0750 0.0850 0.0690 0.0720 0.0690 0.0840 0.0790
0.0550 0.0460 0.0520 0.0560 0.0360 0.0380 0.0400 0.0570 0.0540 0.0520 0.0370 0.0500 0.0610 0.0420 0.0560
0.4840 0.4870 0.5170 0.4430 0.4660 0.5510 0.4550 0.5000 0.5380 0.4520 0.4490 0.4870 0.4160 0.4310 0.5240


=====================================
Scenario 14:
=====================================

CasualtyDemand:
5 19 4 3 15 1 15 7 6 6
4 22 18 6 25 10 21 12 5 12
3 1 10 6 12 16 7 6 9 1
30 5 22 30 15 15 18 22 25 2
3 13 11 5 1 7 13 10 6 13
16 29 29 24 25 20 16 6 24 14
7 3 8 3 6 11 7 11 8 11
22 22 16 4 28 15 3 15 14 7

HospitalDisruption:
0 1 0 0 0

PatientDemand:
113 141 106 103 103
163 205 164 159 142

PatientDischargedPercentage:
0.0000 0.0000 0.0000 0.0000 0.0000 0.0000 0.0000 0.0000 0.0000 0.0000 0.0000 0.0000 0.0000 0.0000 0.0000
0.0000 0.0000 0.0000 0.0000 0.0000 0.0000 0.0000 0.0000 0.0000 0.0000 0.0000 0.0000 0.0000 0.0000 0.0000
0.0000 0.0000 0.0000 0.0000 0.0000 0.0000 0.0000 0.0000 0.0000 0.0000 0.0000 0.0000 0.0000 0.0000 0.0000
0.0700 0.0770 0.0740 0.0690 0.0780 0.0750 0.0840 0.0850 0.0810 0.0810 0.0780 0.0750 0.0670 0.0810 0.0730
0.0460 0.0390 0.0480 0.0390 0.0440 0.0520 0.0450 0.0520 0.0470 0.0520 0.0570 0.0570 0.0510 0.0390 0.0630
0.0740 0.0650 0.0740 0.0730 0.0680 0.0740 0.0640 0.0630 0.0670 0.0760 0.0800 0.0790 0.0680 0.0760 0.0750
0.0410 0.0500 0.0460 0.0500 0.0420 0.0560 0.0520 0.0390 0.0420 0.0520 0.0390 0.0510 0.0530 0.0400 0.0390
0.4520 0.5330 0.4590 0.4450 0.5260 0.4240 0.4600 0.5130 0.5380 0.4340 0.4750 0.4190 0.5300 0.4790 0.4320


=====================================
Scenario 15:
=====================================

CasualtyDemand:
20 13 16 8 4 2 7 1 0 2
20 26 17 11 17 7 18 16 16 25
20 18 18 0 7 7 3 13 6 2
7 25 20 15 23 16 19 18 2 10
0 17 12 17 11 8 16 17 7 9
17 13 18 9 4 19 10 19 16 4
16 17 1 11 6 8 3 19 13 2
19 2 14 11 5 23 30 20 14 17

HospitalDisruption:
1 0 0 0 0

PatientDemand:
130 133 118 108 93
166 190 153 151 137

PatientDischargedPercentage:
0.0000 0.0000 0.0000 0.0000 0.0000 0.0000 0.0000 0.0000 0.0000 0.0000 0.0000 0.0000 0.0000 0.0000 0.0000
0.0000 0.0000 0.0000 0.0000 0.0000 0.0000 0.0000 0.0000 0.0000 0.0000 0.0000 0.0000 0.0000 0.0000 0.0000
0.0000 0.0000 0.0000 0.0000 0.0000 0.0000 0.0000 0.0000 0.0000 0.0000 0.0000 0.0000 0.0000 0.0000 0.0000
0.0720 0.0810 0.0820 0.0710 0.0730 0.0750 0.0730 0.0770 0.0700 0.0660 0.0770 0.0700 0.0770 0.0740 0.0660
0.0590 0.0600 0.0360 0.0520 0.0450 0.0460 0.0390 0.0640 0.0540 0.0370 0.0540 0.0370 0.0490 0.0460 0.0400
0.0800 0.0850 0.0780 0.0740 0.0750 0.0850 0.0720 0.0650 0.0670 0.0790 0.0840 0.0810 0.0750 0.0780 0.0650
0.0370 0.0630 0.0620 0.0470 0.0450 0.0600 0.0540 0.0630 0.0440 0.0610 0.0540 0.0470 0.0350 0.0580 0.0540
0.4690 0.5290 0.5510 0.4920 0.5030 0.4410 0.4230 0.4770 0.4340 0.5100 0.5190 0.5210 0.4780 0.4430 0.5040


=====================================
Scenario 16:
=====================================

CasualtyDemand:
10 2 2 11 19 7 13 10 13 15
11 22 24 2 20 11 22 22 7 22
1 15 17 18 19 13 16 11 10 6
15 13 14 21 11 14 15 14 14 22
14 9 12 0 9 1 5 3 16 5
25 1 9 25 24 8 24 27 17 1
3 17 8 19 6 4 16 8 8 1
26 26 7 9 12 24 11 21 18 13

HospitalDisruption:
0 0 0 0 1

PatientDemand:
119 120 104 111 106
173 201 169 169 154

PatientDischargedPercentage:
0.0000 0.0000 0.0000 0.0000 0.0000 0.0000 0.0000 0.0000 0.0000 0.0000 0.0000 0.0000 0.0000 0.0000 0.0000
0.0000 0.0000 0.0000 0.0000 0.0000 0.0000 0.0000 0.0000 0.0000 0.0000 0.0000 0.0000 0.0000 0.0000 0.0000
0.0000 0.0000 0.0000 0.0000 0.0000 0.0000 0.0000 0.0000 0.0000 0.0000 0.0000 0.0000 0.0000 0.0000 0.0000
0.0640 0.0680 0.0670 0.0810 0.0680 0.0810 0.0640 0.0700 0.0810 0.0810 0.0690 0.0810 0.0830 0.0760 0.0640
0.0400 0.0610 0.0470 0.0640 0.0450 0.0400 0.0590 0.0480 0.0480 0.0370 0.0610 0.0610 0.0420 0.0440 0.0470
0.0810 0.0710 0.0790 0.0760 0.0730 0.0720 0.0810 0.0820 0.0810 0.0780 0.0720 0.0750 0.0820 0.0820 0.0640
0.0520 0.0430 0.0520 0.0420 0.0570 0.0440 0.0540 0.0380 0.0650 0.0380 0.0620 0.0580 0.0450 0.0390 0.0560
0.5000 0.5080 0.5420 0.4960 0.5220 0.5210 0.5430 0.4540 0.4380 0.4740 0.5350 0.4630 0.4400 0.4750 0.4200


=====================================
Scenario 17:
=====================================

CasualtyDemand:
10 15 10 5 10 10 5 6 16 5
28 15 20 17 19 16 13 1 21 28
2 19 3 13 1 10 2 3 14 17
14 13 0 21 18 18 11 9 21 23
20 3 10 4 1 14 2 4 18 5
19 13 28 28 11 15 15 6 0 1
7 18 8 5 18 19 10 2 3 6
6 17 10 9 7 24 7 23 19 18

HospitalDisruption:
0 0 0 0 0

PatientDemand:
119 136 112 105 98
178 188 162 174 141

PatientDischargedPercentage:
0.0000 0.0000 0.0000 0.0000 0.0000 0.0000 0.0000 0.0000 0.0000 0.0000 0.0000 0.0000 0.0000 0.0000 0.0000
0.0000 0.0000 0.0000 0.0000 0.0000 0.0000 0.0000 0.0000 0.0000 0.0000 0.0000 0.0000 0.0000 0.0000 0.0000
0.0000 0.0000 0.0000 0.0000 0.0000 0.0000 0.0000 0.0000 0.0000 0.0000 0.0000 0.0000 0.0000 0.0000 0.0000
0.0790 0.0650 0.0680 0.0820 0.0690 0.0770 0.0720 0.0840 0.0830 0.0710 0.0740 0.0740 0.0680 0.0630 0.0640
0.0460 0.0620 0.0470 0.0420 0.0620 0.0640 0.0500 0.0390 0.0390 0.0440 0.0410 0.0520 0.0450 0.0440 0.0420
0.0810 0.0680 0.0800 0.0770 0.0760 0.0650 0.0790 0.0800 0.0670 0.0770 0.0690 0.0720 0.0740 0.0760 0.0750
0.0540 0.0360 0.0490 0.0520 0.0510 0.0430 0.0590 0.0470 0.0430 0.0440 0.0390 0.0520 0.0580 0.0540 0.0520
0.4930 0.5050 0.4310 0.5170 0.4550 0.4160 0.4970 0.4930 0.4890 0.4810 0.5230 0.4100 0.4200 0.4890 0.4690


=====================================
Scenario 18:
=====================================

CasualtyDemand:
0 8 14 14 17 4 20 18 1 14
10 10 9 19 10 19 0 23 30 26
1 1 11 8 4 2 7 13 7 13
2 18 30 26 10 22 2 22 1 1
17 16 15 8 1 9 13 7 18 19
4 30 4 16 18 8 1 11 3 29
7 10 18 2 14 20 2 19 20 4
3 16 7 4 4 16 0 14 22 11

HospitalDisruption:
0 0 0 0 1

PatientDemand:
108 128 116 114 104
168 214 180 152 152

PatientDischargedPercentage:
0.0000 0.0000 0.0000 0.0000 0.0000 0.0000 0.0000 0.0000 0.0000 0.0000 0.0000 0.0000 0.0000 0.0000 0.0000
0.0000 0.0000 0.0000 0.0000 0.0000 0.0000 0.0000 0.0000 0.0000 0.0000 0.0000 0.0000 0.0000 0.0000 0.0000
0.0000 0.0000 0.0000 0.0000 0.0000 0.0000 0.0000 0.0000 0.0000 0.0000 0.0000 0.0000 0.0000 0.0000 0.0000
0.0730 0.0770 0.0710 0.0830 0.0840 0.0660 0.0850 0.0660 0.0750 0.0760 0.0690 0.0640 0.0710 0.0650 0.0840
0.0450 0.0500 0.0620 0.0380 0.0570 0.0640 0.0380 0.0640 0.0650 0.0410 0.0380 0.0510 0.0420 0.0390 0.0390
0.0750 0.0630 0.0730 0.0790 0.0710 0.0840 0.0680 0.0680 0.0710 0.0630 0.0770 0.0660 0.0770 0.0810 0.0740
0.0430 0.0370 0.0630 0.0400 0.0500 0.0650 0.0410 0.0570 0.0360 0.0380 0.0500 0.0610 0.0380 0.0440 0.0630
0.4770 0.4530 0.4960 0.4250 0.5120 0.4190 0.5280 0.5180 0.5460 0.5490 0.4380 0.4510 0.4560 0.4080 0.4510


=====================================
Scenario 19:
=====================================

CasualtyDemand:
15 2 6 19 6 8 9 13 3 15
19 18 27 20 23 0 18 0 22 4
15 8 2 2 6 2 2 9 8 4
28 20 22 0 25 20 21 17 4 13
16 2 3 6 7 1 12 0 3 10
12 2 15 9 18 3 15 9 7 18
16 6 3 6 12 4 18 6 3 3
12 8 24 25 30 6 21 12 1 6

HospitalDisruption:
0 0 0 1 0

PatientDemand:
125 121 108 119 95
176 194 172 155 153

PatientDischargedPercentage:
0.0000 0.0000 0.0000 0.0000 0.0000 0.0000 0.0000 0.0000 0.0000 0.0000 0.0000 0.0000 0.0000 0.0000 0.0000
0.0000 0.0000 0.0000 0.0000 0.0000 0.0000 0.0000 0.0000 0.0000 0.0000 0.0000 0.0000 0.0000 0.0000 0.0000
0.0000 0.0000 0.0000 0.0000 0.0000 0.0000 0.0000 0.0000 0.0000 0.0000 0.0000 0.0000 0.0000 0.0000 0.0000
0.0640 0.0760 0.0630 0.0670 0.0740 0.0720 0.0640 0.0740 0.0690 0.0760 0.0650 0.0740 0.0700 0.0680 0.0760
0.0590 0.0430 0.0390 0.0430 0.0530 0.0410 0.0630 0.0440 0.0400 0.0390 0.0470 0.0430 0.0590 0.0600 0.0650
0.0670 0.0790 0.0720 0.0640 0.0670 0.0630 0.0680 0.0780 0.0810 0.0850 0.0770 0.0750 0.0650 0.0650 0.0650
0.0500 0.0590 0.0500 0.0490 0.0540 0.0620 0.0430 0.0370 0.0490 0.0560 0.0620 0.0430 0.0440 0.0590 0.0360
0.4150 0.4810 0.4160 0.4590 0.4490 0.4880 0.5290 0.5250 0.5470 0.4130 0.5310 0.5250 0.4880 0.5470 0.5120


=====================================
Scenario 20:
=====================================

CasualtyDemand:
5 16 18 17 14 18 3 2 14 20
24 19 26 24 2 18 29 30 6 18
5 6 6 9 5 6 0 6 19 14
1 24 13 9 18 4 21 14 14 17
0 4 14 6 16 11 2 10 18 17
9 22 29 26 19 22 4 2 10 18
9 19 17 6 7 14 6 10 2 6
10 12 7 18 15 3 17 10 19 15

HospitalDisruption:
0 0 1 0 0

PatientDemand:
114 137 120 117 101
190 184 156 170 159

PatientDischargedPercentage:
0.0000 0.0000 0.0000 0.0000 0.0000 0.0000 0.0000 0.0000 0.0000 0.0000 0.0000 0.0000 0.0000 0.0000 0.0000
0.0000 0.0000 0.0000 0.0000 0.0000 0.0000 0.0000 0.0000 0.0000 0.0000 0.0000 0.0000 0.0000 0.0000 0.0000
0.0000 0.0000 0.0000 0.0000 0.0000 0.0000 0.0000 0.0000 0.0000 0.0000 0.0000 0.0000 0.0000 0.0000 0.0000
0.0760 0.0650 0.0740 0.0830 0.0810 0.0700 0.0790 0.0840 0.0820 0.0770 0.0790 0.0660 0.0650 0.0700 0.0760
0.0480 0.0630 0.0610 0.0440 0.0450 0.0560 0.0440 0.0500 0.0380 0.0440 0.0450 0.0470 0.0420 0.0530 0.0500
0.0650 0.0750 0.0700 0.0770 0.0740 0.0690 0.0770 0.0830 0.0650 0.0670 0.0740 0.0660 0.0810 0.0640 0.0830
0.0410 0.0370 0.0390 0.0400 0.0370 0.0600 0.0430 0.0460 0.0390 0.0560 0.0360 0.0550 0.0610 0.0530 0.0560
0.5460 0.4980 0.4700 0.4480 0.4140 0.4130 0.4700 0.4780 0.4670 0.5110 0.5480 0.4170 0.4910 0.5020 0.4690


=====================================
Scenario 21:
=====================================

CasualtyDemand:
13 9 1 2 3 12 16 19 10 10
18 25 29 18 14 22 6 1 8 23
6 3 15 3 16 10 7 8 11 8
5 1 17 30 8 25 3 10 30 16
7 8 14 16 16 15 9 6 18 8
4 19 28 22 17 2 25 13 3 7
9 3 19 0 11 18 6 8 14 11
23 10 10 9 22 13 10 10 29 28

HospitalDisruption:
0 0 0 0 0

PatientDemand:
122 129 103 102 91
180 207 183 165 147

PatientDischargedPercentage:
0.0000 0.0000 0.0000 0.0000 0.0000 0.0000 0.0000 0.0000 0.0000 0.0000 0.0000 0.0000 0.0000 0.0000 0.0000
0.0000 0.0000 0.0000 0.0000 0.0000 0.0000 0.0000 0.0000 0.0000 0.0000 0.0000 0.0000 0.0000 0.0000 0.0000
0.0000 0.0000 0.0000 0.0000 0.0000 0.0000 0.0000 0.0000 0.0000 0.0000 0.0000 0.0000 0.0000 0.0000 0.0000
0.0800 0.0730 0.0690 0.0820 0.0720 0.0660 0.0770 0.0840 0.0790 0.0750 0.0640 0.0810 0.0730 0.0650 0.0680
0.0480 0.0400 0.0640 0.0350 0.0510 0.0630 0.0440 0.0470 0.0560 0.0510 0.0580 0.0450 0.0450 0.0440 0.0570
0.0730 0.0700 0.0700 0.0840 0.0830 0.0820 0.0640 0.0690 0.0830 0.0660 0.0770 0.0660 0.0740 0.0660 0.0730
0.0420 0.0450 0.0400 0.0520 0.0570 0.0640 0.0380 0.0610 0.0600 0.0490 0.0480 0.0390 0.0570 0.0380 0.0390
0.4080 0.5290 0.5240 0.5280 0.4580 0.5030 0.4360 0.4100 0.5200 0.4680 0.5380 0.4710 0.4990 0.5400 0.4110


=====================================
Scenario 22:
=====================================

CasualtyDemand:
3 5 9 6 8 13 4 4 7 3
12 2 10 15 19 26 24 3 9 18
6 6 16 2 19 12 3 4 15 14
5 18 22 27 20 4 0 6 16 8
13 14 6 11 11 2 3 3 2 10
23 8 24 7 12 17 29 26 16 7
12 19 14 10 7 8 14 4 7 4
22 23 10 23 27 18 3 8 3 0

HospitalDisruption:
0 0 0 0 0

PatientDemand:
111 123 111 106 96
183 186 158 160 138

PatientDischargedPercentage:
0.0000 0.0000 0.0000 0.0000 0.0000 0.0000 0.0000 0.0000 0.0000 0.0000 0.0000 0.0000 0.0000 0.0000 0.0000
0.0000 0.0000 0.0000 0.0000 0.0000 0.0000 0.0000 0.0000 0.0000 0.0000 0.0000 0.0000 0.0000 0.0000 0.0000
0.0000 0.0000 0.0000 0.0000 0.0000 0.0000 0.0000 0.0000 0.0000 0.0000 0.0000 0.0000 0.0000 0.0000 0.0000
0.0650 0.0670 0.0660 0.0660 0.0740 0.0800 0.0690 0.0810 0.0680 0.0720 0.0750 0.0840 0.0820 0.0740 0.0680
0.0530 0.0640 0.0550 0.0500 0.0450 0.0470 0.0560 0.0400 0.0460 0.0400 0.0570 0.0580 0.0450 0.0580 0.0620
0.0760 0.0650 0.0690 0.0650 0.0630 0.0690 0.0640 0.0850 0.0740 0.0760 0.0670 0.0790 0.0650 0.0720 0.0670
0.0450 0.0560 0.0500 0.0550 0.0410 0.0490 0.0540 0.0570 0.0420 0.0510 0.0620 0.0630 0.0570 0.0580 0.0450
0.5280 0.4840 0.4240 0.4270 0.5070 0.4250 0.4900 0.5300 0.4860 0.5400 0.4350 0.5250 0.4550 0.5500 0.4390


=====================================
Scenario 23:
=====================================

CasualtyDemand:
18 18 13 9 2 15 17 18 18 13
4 5 18 10 8 20 3 18 15 17
18 4 5 8 20 15 5 7 10 12
19 28 21 22 23 7 12 2 17 9
16 4 19 4 2 4 12 5 6 5
1 0 24 29 8 6 3 14 29 2
3 16 19 10 16 8 8 3 15 4
24 9 0 11 24 1 28 16 0 5

HospitalDisruption:
1 1 0 0 0

PatientDemand:
128 139 115 109 91
185 209 181 177 151

PatientDischargedPercentage:
0.0000 0.0000 0.0000 0.0000 0.0000 0.0000 0.0000 0.0000 0.0000 0.0000 0.0000 0.0000 0.0000 0.0000 0.0000
0.0000 0.0000 0.0000 0.0000 0.0000 0.0000 0.0000 0.0000 0.0000 0.0000 0.0000 0.0000 0.0000 0.0000 0.0000
0.0000 0.0000 0.0000 0.0000 0.0000 0.0000 0.0000 0.0000 0.0000 0.0000 0.0000 0.0000 0.0000 0.0000 0.0000
0.0680 0.0760 0.0690 0.0690 0.0690 0.0640 0.0630 0.0800 0.0840 0.0690 0.0670 0.0660 0.0730 0.0840 0.0650
0.0390 0.0600 0.0630 0.0490 0.0600 0.0470 0.0470 0.0400 0.0580 0.0420 0.0590 0.0440 0.0350 0.0460 0.0590
0.0640 0.0840 0.0740 0.0630 0.0670 0.0690 0.0840 0.0710 0.0740 0.0810 0.0840 0.0840 0.0720 0.0750 0.0820
0.0410 0.0460 0.0560 0.0600 0.0600 0.0430 0.0430 0.0460 0.0380 0.0560 0.0460 0.0620 0.0360 0.0420 0.0360
0.4670 0.4120 0.4190 0.5180 0.4280 0.5340 0.5440 0.4670 0.4210 0.5190 0.5100 0.4540 0.5470 0.4790 0.5330


=====================================
Scenario 24:
=====================================

CasualtyDemand:
8 11 5 4 13 19 10 15 7 9
16 7 14 25 2 20 12 27 8 18
18 3 19 12 14 6 1 12 9 13
6 20 19 21 2 28 16 29 10 0
7 9 18 2 6 0 4 8 1 17
1 3 27 16 3 11 8 1 11 1
14 7 12 15 1 5 11 19 17 6
16 9 21 11 23 9 8 29 1 6

HospitalDisruption:
0 0 0 0 0

PatientDemand:
117 131 107 104 100
193 197 176 161 145

PatientDischargedPercentage:
0.0000 0.0000 0.0000 0.0000 0.0000 0.0000 0.0000 0.0000 0.0000 0.0000 0.0000 0.0000 0.0000 0.0000 0.0000
0.0000 0.0000 0.0000 0.0000 0.0000 0.0000 0.0000 0.0000 0.0000 0.0000 0.0000 0.0000 0.0000 0.0000 0.0000
0.0000 0.0000 0.0000 0.0000 0.0000 0.0000 0.0000 0.0000 0.0000 0.0000 0.0000 0.0000 0.0000 0.0000 0.0000
0.0630 0.0670 0.0720 0.0640 0.0820 0.0640 0.0650 0.0830 0.0740 0.0650 0.0710 0.0690 0.0640 0.0710 0.0640
0.0550 0.0460 0.0540 0.0580 0.0370 0.0420 0.0520 0.0630 0.0600 0.0430 0.0510 0.0440 0.0560 0.0460 0.0580
0.0700 0.0690 0.0850 0.0640 0.0670 0.0690 0.0730 0.0670 0.0740 0.0710 0.0800 0.0760 0.0700 0.0640 0.0790
0.0580 0.0500 0.0540 0.0420 0.0400 0.0600 0.0410 0.0620 0.0460 0.0380 0.0550 0.0400 0.0410 0.0610 0.0540
0.4970 0.4410 0.5350 0.4140 0.5060 0.4580 0.4930 0.4830 0.4330 0.4940 0.4860 0.4890 0.4860 0.5210 0.4130


=====================================
Scenario 25:
=====================================

CasualtyDemand:
12 0 17 12 16 5 19 1 19 18
27 17 19 9 1 2 11 18 6 8
15 5 5 9 19 16 14 9 4 1
16 13 5 20 24 24 2 19 26 13
10 17 16 6 15 4 10 4 4 13
14 24 4 9 18 0 28 9 9 5
12 19 9 4 18 13 15 13 4 8
13 14 18 29 4 14 26 2 27 22

HospitalDisruption:
0 0 1 0 0

PatientDemand:
121 118 119 112 104
171 211 154 179 158

PatientDischargedPercentage:
0.0000 0.0000 0.0000 0.0000 0.0000 0.0000 0.0000 0.0000 0.0000 0.0000 0.0000 0.0000 0.0000 0.0000 0.0000
0.0000 0.0000 0.0000 0.0000 0.0000 0.0000 0.0000 0.0000 0.0000 0.0000 0.0000 0.0000 0.0000 0.0000 0.0000
0.0000 0.0000 0.0000 0.0000 0.0000 0.0000 0.0000 0.0000 0.0000 0.0000 0.0000 0.0000 0.0000 0.0000 0.0000
0.0670 0.0740 0.0670 0.0670 0.0770 0.0730 0.0810 0.0660 0.0700 0.0760 0.0630 0.0830 0.0700 0.0700 0.0660
0.0530 0.0630 0.0480 0.0410 0.0620 0.0540 0.0570 0.0540 0.0420 0.0460 0.0480 0.0490 0.0530 0.0640 0.0390
0.0730 0.0820 0.0650 0.0830 0.0790 0.0650 0.0710 0.0670 0.0830 0.0730 0.0660 0.0710 0.0650 0.0750 0.0720
0.0500 0.0540 0.0500 0.0640 0.0400 0.0440 0.0390 0.0450 0.0490 0.0460 0.0580 0.0530 0.0360 0.0600 0.0390
0.4530 0.5390 0.4430 0.5120 0.4880 0.4580 0.5500 0.4140 0.5190 0.4650 0.5450 0.5430 0.4200 0.4400 0.5470


=====================================
Scenario 26:
=====================================

CasualtyDemand:
2 13 3 18 5 16 14 5 18 1
6 27 25 23 13 12 2 17 17 6
7 1 10 1 17 6 16 0 16 19
19 2 14 12 10 15 24 18 20 3
17 18 11 3 19 8 3 8 6 16
8 24 5 24 6 28 22 22 8 16
16 2 0 14 17 5 6 12 15 3
15 8 9 4 14 26 6 27 28 28

HospitalDisruption:
0 0 0 1 0

PatientDemand:
110 134 105 118 94
188 203 159 178 135

PatientDischargedPercentage:
0.0000 0.0000 0.0000 0.0000 0.0000 0.0000 0.0000 0.0000 0.0000 0.0000 0.0000 0.0000 0.0000 0.0000 0.0000
0.0000 0.0000 0.0000 0.0000 0.0000 0.0000 0.0000 0.0000 0.0000 0.0000 0.0000 0.0000 0.0000 0.0000 0.0000
0.0000 0.0000 0.0000 0.0000 0.0000 0.0000 0.0000 0.0000 0.0000 0.0000 0.0000 0.0000 0.0000 0.0000 0.0000
0.0710 0.0660 0.0720 0.0690 0.0810 0.0690 0.0800 0.0660 0.0810 0.0680 0.0840 0.0790 0.0790 0.0690 0.0750
0.0600 0.0380 0.0350 0.0560 0.0610 0.0430 0.0430 0.0530 0.0580 0.0400 0.0500 0.0430 0.0440 0.0390 0.0490
0.0820 0.0680 0.0830 0.0830 0.0830 0.0720 0.0670 0.0790 0.0840 0.0850 0.0660 0.0750 0.0710 0.0770 0.0740
0.0380 0.0470 0.0630 0.0590 0.0560 0.0550 0.0640 0.0500 0.0370 0.0470 0.0430 0.0500 0.0560 0.0370 0.0450
0.4890 0.5080 0.5220 0.4860 0.4240 0.5200 0.5220 0.5190 0.5500 0.5440 0.4870 0.4960 0.5340 0.4500 0.4390


=====================================
Scenario 27:
=====================================

CasualtyDemand:
17 7 11 15 20 1 1 11 8 13
5 5 16 3 0 30 29 24 13 27
5 6 15 16 2 20 17 19 16 18
10 8 1 4 5 19 14 23 1 25
4 8 17 3 18 17 0 10 17 19
29 2 22 3 14 0 18 11 15 22
5 4 16 12 2 19 5 15 12 18
28 11 22 13 16 5 4 5 7 3

HospitalDisruption:
0 0 0 0 1

PatientDemand:
126 126 113 115 107
164 180 169 162 151

PatientDischargedPercentage:
0.0000 0.0000 0.0000 0.0000 0.0000 0.0000 0.0000 0.0000 0.0000 0.0000 0.0000 0.0000 0.0000 0.0000 0.0000
0.0000 0.0000 0.0000 0.0000 0.0000 0.0000 0.0000 0.0000 0.0000 0.0000 0.0000 0.0000 0.0000 0.0000 0.0000
0.0000 0.0000 0.0000 0.0000 0.0000 0.0000 0.0000 0.0000 0.0000 0.0000 0.0000 0.0000 0.0000 0.0000 0.0000
0.0820 0.0630 0.0740 0.0820 0.0840 0.0840 0.0640 0.0790 0.0650 0.0730 0.0630 0.0760 0.0710 0.0740 0.0790
0.0420 0.0410 0.0590 0.0530 0.0380 0.0640 0.0430 0.0580 0.0530 0.0630 0.0630 0.0460 0.0570 0.0480 0.0510
0.0670 0.0660 0.0670 0.0680 0.0650 0.0820 0.0680 0.0630 0.0820 0.0800 0.0690 0.0800 0.0650 0.0750 0.0800
0.0440 0.0570 0.0440 0.0470 0.0550 0.0380 0.0530 0.0420 0.0530 0.0490 0.0500 0.0580 0.0450 0.0560 0.0380
0.4150 0.4750 0.5490 0.4360 0.4930 0.4180 0.5330 0.4180 0.5240 0.5070 0.5060 0.5440 0.4360 0.4120 0.5070


=====================================
Scenario 28:
=====================================

CasualtyDemand:
7 3 15 1 11 3 8 16 14 11
21 9 15 13 30 29 26 6 4 14
4 7 10 19 3 3 6 14 17 16
5 20 27 28 1 17 20 13 7 5
6 1 11 2 9 7 11 11 2 15
24 9 24 1 8 2 13 26 15 3
7 8 18 1 11 17 16 12 6 13
6 29 24 18 21 6 22 2 17 6

HospitalDisruption:
0 0 0 0 0

PatientDemand:
115 122 117 101 99
167 192 178 171 149

PatientDischargedPercentage:
0.0000 0.0000 0.0000 0.0000 0.0000 0.0000 0.0000 0.0000 0.0000 0.0000 0.0000 0.0000 0.0000 0.0000 0.0000
0.0000 0.0000 0.0000 0.0000 0.0000 0.0000 0.0000 0.0000 0.0000 0.0000 0.0000 0.0000 0.0000 0.0000 0.0000
0.0000 0.0000 0.0000 0.0000 0.0000 0.0000 0.0000 0.0000 0.0000 0.0000 0.0000 0.0000 0.0000 0.0000 0.0000
0.0700 0.0750 0.0750 0.0650 0.0800 0.0810 0.0700 0.0810 0.0630 0.0690 0.0650 0.0720 0.0820 0.0740 0.0660
0.0450 0.0470 0.0620 0.0370 0.0520 0.0600 0.0590 0.0530 0.0440 0.0540 0.0410 0.0640 0.0590 0.0530 0.0560
0.0670 0.0790 0.0650 0.0760 0.0670 0.0790 0.0810 0.0790 0.0670 0.0820 0.0700 0.0850 0.0840 0.0740 0.0770
0.0410 0.0400 0.0440 0.0450 0.0590 0.0410 0.0590 0.0490 0.0440 0.0480 0.0560 0.0350 0.0640 0.0510 0.0540
0.4780 0.4770 0.4470 0.4370 0.4170 0.4830 0.4940 0.4380 0.5260 0.5390 0.4570 0.4780 0.4290 0.4480 0.4580


=====================================
Scenario 29:
=====================================

CasualtyDemand:
14 17 7 7 18 7 11 13 5 19
13 16 7 16 11 14 19 2 26 5
12 9 0 12 8 2 7 7 3 10
14 24 18 2 6 14 8 2 21 25
9 2 14 8 4 0 10 2 1 3
23 28 1 30 12 13 24 4 20 9
6 1 2 2 9 9 4 5 15 2
12 14 7 8 8 2 11 19 29 19

HospitalDisruption:
0 0 0 0 1

PatientDemand:
124 138 109 107 105
174 199 173 157 159

PatientDischargedPercentage:
0.0000 0.0000 0.0000 0.0000 0.0000 0.0000 0.0000 0.0000 0.0000 0.0000 0.0000 0.0000 0.0000 0.0000 0.0000
0.0000 0.0000 0.0000 0.0000 0.0000 0.0000 0.0000 0.0000 0.0000 0.0000 0.0000 0.0000 0.0000 0.0000 0.0000
0.0000 0.0000 0.0000 0.0000 0.0000 0.0000 0.0000 0.0000 0.0000 0.0000 0.0000 0.0000 0.0000 0.0000 0.0000
0.0630 0.0740 0.0650 0.0650 0.0660 0.0800 0.0830 0.0640 0.0850 0.0710 0.0720 0.0810 0.0660 0.0780 0.0700
0.0450 0.0360 0.0390 0.0370 0.0480 0.0480 0.0420 0.0430 0.0580 0.0380 0.0470 0.0490 0.0420 0.0430 0.0430
0.0650 0.0710 0.0770 0.0840 0.0770 0.0690 0.0830 0.0750 0.0650 0.0720 0.0700 0.0740 0.0650 0.0800 0.0650
0.0350 0.0570 0.0630 0.0520 0.0400 0.0460 0.0520 0.0640 0.0370 0.0560 0.0400 0.0430 0.0640 0.0530 0.0610
0.4760 0.5060 0.5440 0.4880 0.5290 0.4100 0.5090 0.4320 0.4710 0.5190 0.4430 0.5280 0.4940 0.4260 0.4620


=====================================
Scenario 30:
=====================================

CasualtyDemand:
4 10 19 10 7 11 2 8 17 16
2 6 2 6 9 4 9 7 4 23
18 12 19 16 16 10 15 2 17 14
0 21 23 13 11 5 7 15 8 5
14 5 8 18 9 7 7 8 7 2
2 20 23 30 8 13 14 30 5 6
12 3 7 10 17 12 8 13 14 10
20 20 28 14 26 16 26 25 7 13

HospitalDisruption:
0 0 1 0 0

PatientDemand:
113 130 121 110 96
179 182 164 175 155

PatientDischargedPercentage:
0.0000 0.0000 0.0000 0.0000 0.0000 0.0000 0.0000 0.0000 0.0000 0.0000 0.0000 0.0000 0.0000 0.0000 0.0000
0.0000 0.0000 0.0000 0.0000 0.0000 0.0000 0.0000 0.0000 0.0000 0.0000 0.0000 0.0000 0.0000 0.0000 0.0000
0.0000 0.0000 0.0000 0.0000 0.0000 0.0000 0.0000 0.0000 0.0000 0.0000 0.0000 0.0000 0.0000 0.0000 0.0000
0.0710 0.0710 0.0720 0.0700 0.0650 0.0650 0.0780 0.0800 0.0850 0.0690 0.0720 0.0730 0.0850 0.0660 0.0680
0.0530 0.0400 0.0460 0.0500 0.0610 0.0530 0.0470 0.0550 0.0550 0.0490 0.0550 0.0550 0.0630 0.0490 0.0610
0.0750 0.0820 0.0810 0.0680 0.0730 0.0660 0.0710 0.0640 0.0650 0.0630 0.0710 0.0840 0.0750 0.0850 0.0670
0.0620 0.0410 0.0630 0.0610 0.0480 0.0550 0.0440 0.0620 0.0510 0.0550 0.0500 0.0380 0.0560 0.0580 0.0540
0.5510 0.4090 0.5450 0.4290 0.4820 0.4920 0.4210 0.4930 0.4430 0.4230 0.5420 0.5260 0.4660 0.4830 0.5150


=====================================
Scenario 31:
=====================================

CasualtyDemand:
19 6 3 4 15 4 15 14 9 2
14 13 4 8 4 15 25 2 24 26
12 19 9 5 18 10 7 14 1 7
13 19 25 12 17 1 12 5 7 5
1 7 10 8 16 0 2 15 14 13
16 11 4 27 4 11 27 15 16 8
4 9 20 6 10 4 0 5 15 9
28 13 12 15 8 5 28 23 22 28

HospitalDisruption:
1 0 0 0 0

PatientDemand:
129 125 105 104 102
169 205 174 163 136

PatientDischargedPercentage:
0.0000 0.0000 0.0000 0.0000 0.0000 0.0000 0.0000 0.0000 0.0000 0.0000 0.0000 0.0000 0.0000 0.0000 0.0000
0.0000 0.0000 0.0000 0.0000 0.0000 0.0000 0.0000 0.0000 0.0000 0.0000 0.0000 0.0000 0.0000 0.0000 0.0000
0.0000 0.0000 0.0000 0.0000 0.0000 0.0000 0.0000 0.0000 0.0000 0.0000 0.0000 0.0000 0.0000 0.0000 0.0000
0.0630 0.0650 0.0790 0.0790 0.0770 0.0750 0.0710 0.0660 0.0830 0.0660 0.0710 0.0830 0.0740 0.0750 0.0690
0.0410 0.0490 0.0640 0.0440 0.0500 0.0410 0.0360 0.0430 0.0570 0.0480 0.0630 0.0480 0.0470 0.0500 0.0430
0.0670 0.0840 0.0800 0.0790 0.0830 0.0710 0.0750 0.0710 0.0780 0.0760 0.0820 0.0640 0.0850 0.0640 0.0750
0.0410 0.0450 0.0490 0.0650 0.0500 0.0360 0.0620 0.0530 0.0610 0.0510 0.0400 0.0560 0.0550 0.0390 0.0620
0.4160 0.5430 0.4360 0.5120 0.4770 0.4900 0.4120 0.5110 0.5420 0.5350 0.4610 0.5430 0.4130 0.5430 0.5380


=====================================
Scenario 32:
=====================================

CasualtyDemand:
9 19 11 13 4 9 7 9 15 12
30 13 15 29 5 7 27 20 12 25
3 19 15 10 9 7 14 8 5 18
17 26 8 6 19 1 21 18 12 18
2 13 9 4 14 2 5 15 8 16
4 2 9 20 0 10 26 22 18 25
8 10 6 16 7 11 8 13 6 3
17 25 21 22 29 1 23 1 28 26

HospitalDisruption:
0 1 0 0 0

PatientDemand:
118 141 113 113 92
176 190 166 173 150

PatientDischargedPercentage:
0.0000 0.0000 0.0000 0.0000 0.0000 0.0000 0.0000 0.0000 0.0000 0.0000 0.0000 0.0000 0.0000 0.0000 0.0000
0.0000 0.0000 0.0000 0.0000 0.0000 0.0000 0.0000 0.0000 0.0000 0.0000 0.0000 0.0000 0.0000 0.0000 0.0000
0.0000 0.0000 0.0000 0.0000 0.0000 0.0000 0.0000 0.0000 0.0000 0.0000 0.0000 0.0000 0.0000 0.0000 0.0000
0.0660 0.0680 0.0800 0.0720 0.0800 0.0660 0.0650 0.0690 0.0770 0.0630 0.0700 0.0820 0.0790 0.0760 0.0810
0.0470 0.0500 0.0440 0.0590 0.0460 0.0510 0.0470 0.0540 0.0430 0.0390 0.0520 0.0600 0.0560 0.0570 0.0640
0.0640 0.0800 0.0640 0.0830 0.0820 0.0750 0.0690 0.0730 0.0700 0.0770 0.0710 0.0640 0.0680 0.0820 0.0680
0.0650 0.0420 0.0570 0.0620 0.0560 0.0410 0.0440 0.0470 0.0430 0.0460 0.0380 0.0640 0.0620 0.0370 0.0380
0.4140 0.4390 0.5190 0.4670 0.4490 0.4290 0.5310 0.5450 0.4640 0.4920 0.4510 0.5140 0.5310 0.5310 0.4930


=====================================
Scenario 33:
=====================================

CasualtyDemand:
11 12 15 18 9 18 13 7 4 9
1 11 2 22 21 5 28 4 21 29
9 17 14 13 11 1 9 16 16 16
25 21 15 7 18 2 5 10 15 6
10 11 11 17 12 8 15 6 2 9
7 11 12 15 28 1 2 22 22 6
8 0 15 8 7 15 4 16 10 12
27 7 6 8 26 2 23 13 25 13

HospitalDisruption:
0 0 0 1 0

PatientDemand:
120 133 117 118 97
191 201 163 156 146

PatientDischargedPercentage:
0.0000 0.0000 0.0000 0.0000 0.0000 0.0000 0.0000 0.0000 0.0000 0.0000 0.0000 0.0000 0.0000 0.0000 0.0000
0.0000 0.0000 0.0000 0.0000 0.0000 0.0000 0.0000 0.0000 0.0000 0.0000 0.0000 0.0000 0.0000 0.0000 0.0000
0.0000 0.0000 0.0000 0.0000 0.0000 0.0000 0.0000 0.0000 0.0000 0.0000 0.0000 0.0000 0.0000 0.0000 0.0000
0.0720 0.0800 0.0700 0.0650 0.0730 0.0680 0.0710 0.0720 0.0740 0.0830 0.0640 0.0640 0.0790 0.0790 0.0680
0.0470 0.0350 0.0580 0.0470 0.0460 0.0570 0.0410 0.0580 0.0500 0.0530 0.0620 0.0420 0.0410 0.0430 0.0610
0.0640 0.0800 0.0720 0.0820 0.0720 0.0640 0.0750 0.0670 0.0800 0.0770 0.0740 0.0770 0.0840 0.0680 0.0740
0.0380 0.0460 0.0610 0.0520 0.0360 0.0360 0.0510 0.0460 0.0610 0.0600 0.0470 0.0410 0.0530 0.0400 0.0390
0.5360 0.4970 0.5270 0.5310 0.4810 0.4860 0.5410 0.5030 0.5070 0.4980 0.5180 0.4420 0.5470 0.4830 0.4170


=====================================
Scenario 34:
=====================================

CasualtyDemand:
1 1 7 15 1 12 6 0 2 0
9 30 23 13 12 22 15 24 11 19
13 12 1 5 10 13 9 17 5 16
3 22 25 27 5 26 22 25 23 10
0 8 1 2 4 11 9 4 14 0
21 26 28 7 18 25 27 24 10 18
5 5 12 20 2 16 3 12 16 16
5 26 23 24 6 20 20 10 10 8

HospitalDisruption:
0 0 0 0 0

PatientDemand:
109 119 109 115 90
181 188 153 153 134

PatientDischargedPercentage:
0.0000 0.0000 0.0000 0.0000 0.0000 0.0000 0.0000 0.0000 0.0000 0.0000 0.0000 0.0000 0.0000 0.0000 0.0000
0.0000 0.0000 0.0000 0.0000 0.0000 0.0000 0.0000 0.0000 0.0000 0.0000 0.0000 0.0000 0.0000 0.0000 0.0000
0.0000 0.0000 0.0000 0.0000 0.0000 0.0000 0.0000 0.0000 0.0000 0.0000 0.0000 0.0000 0.0000 0.0000 0.0000
0.0750 0.0730 0.0680 0.0790 0.0630 0.0780 0.0820 0.0830 0.0680 0.0760 0.0810 0.0830 0.0810 0.0710 0.0760
0.0430 0.0420 0.0530 0.0650 0.0390 0.0600 0.0400 0.0540 0.0590 0.0600 0.0400 0.0610 0.0580 0.0590 0.0410
0.0780 0.0780 0.0710 0.0700 0.0690 0.0710 0.0740 0.0750 0.0650 0.0780 0.0670 0.0660 0.0690 0.0670 0.0640
0.0590 0.0400 0.0470 0.0370 0.0380 0.0580 0.0470 0.0620 0.0470 0.0430 0.0610 0.0640 0.0530 0.0540 0.0500
0.4450 0.5440 0.4400 0.4930 0.5210 0.4340 0.4560 0.4940 0.4110 0.4770 0.4170 0.5070 0.4410 0.4760 0.4150


=====================================
Scenario 35:
=====================================

CasualtyDemand:
16 14 19 1 12 14 19 10 11 7
15 4 12 29 28 19 1 25 29 2
12 17 6 17 3 9 5 13 20 7
21 1 4 13 19 6 4 16 0 4
18 8 11 9 16 14 16 16 17 5
28 16 25 17 19 19 21 28 15 17
12 13 2 2 13 10 6 4 8 20
10 19 8 25 14 18 24 3 5 4

HospitalDisruption:
0 0 1 0 0

PatientDemand:
125 135 121 101 100
184 213 168 166 143

PatientDischargedPercentage:
0.0000 0.0000 0.0000 0.0000 0.0000 0.0000 0.0000 0.0000 0.0000 0.0000 0.0000 0.0000 0.0000 0.0000 0.0000
0.0000 0.0000 0.0000 0.0000 0.0000 0.0000 0.0000 0.0000 0.0000 0.0000 0.0000 0.0000 0.0000 0.0000 0.0000
0.0000 0.0000 0.0000 0.0000 0.0000 0.0000 0.0000 0.0000 0.0000 0.0000 0.0000 0.0000 0.0000 0.0000 0.0000
0.0780 0.0810 0.0810 0.0820 0.0690 0.0830 0.0740 0.0810 0.0760 0.0770 0.0770 0.0780 0.0830 0.0740 0.0750
0.0530 0.0540 0.0390 0.0380 0.0550 0.0510 0.0450 0.0400 0.0460 0.0650 0.0450 0.0540 0.0430 0.0600 0.0490
0.0760 0.0800 0.0660 0.0670 0.0660 0.0720 0.0810 0.0680 0.0800 0.0690 0.0820 0.0650 0.0670 0.0760 0.0790
0.0540 0.0640 0.0360 0.0360 0.0540 0.0460 0.0550 0.0390 0.0500 0.0370 0.0530 0.0370 0.0600 0.0570 0.0600
0.4810 0.4600 0.4390 0.4580 0.4270 0.4240 0.5300 0.5470 0.4980 0.5490 0.4170 0.4480 0.5090 0.4870 0.5000


=====================================
Scenario 36:
=====================================

CasualtyDemand:
6 8 0 8 16 15 9 6 12 4
17 28 5 1 26 14 3 22 12 28
8 4 3 1 1 4 11 15 7 15
13 27 14 23 21 4 12 13 9 16
5 3 1 16 11 19 9 16 7 13
23 9 25 24 16 20 25 14 8 2
9 15 8 20 15 9 0 14 5 19
18 16 18 19 12 27 13 9 9 1

HospitalDisruption:
0 0 0 0 0

PatientDemand:
114 127 102 108 103
186 194 161 167 140

PatientDischargedPercentage:
0.0000 0.0000 0.0000 0.0000 0.0000 0.0000 0.0000 0.0000 0.0000 0.0000 0.0000 0.0000 0.0000 0.0000 0.0000
0.0000 0.0000 0.0000 0.0000 0.0000 0.0000 0.0000 0.0000 0.0000 0.0000 0.0000 0.0000 0.0000 0.0000 0.0000
0.0000 0.0000 0.0000 0.0000 0.0000 0.0000 0.0000 0.0000 0.0000 0.0000 0.0000 0.0000 0.0000 0.0000 0.0000
0.0840 0.0730 0.0800 0.0700 0.0770 0.0800 0.0700 0.0810 0.0810 0.0740 0.0780 0.0820 0.0730 0.0690 0.0640
0.0480 0.0580 0.0470 0.0650 0.0570 0.0480 0.0350 0.0550 0.0430 0.0630 0.0530 0.0510 0.0530 0.0540 0.0470
0.0830 0.0730 0.0700 0.0700 0.0640 0.0720 0.0780 0.0760 0.0750 0.0720 0.0640 0.0850 0.0700 0.0800 0.0790
0.0430 0.0410 0.0430 0.0370 0.0650 0.0640 0.0590 0.0460 0.0460 0.0410 0.0450 0.0460 0.0400 0.0570 0.0490
0.4720 0.5470 0.5340 0.4220 0.5190 0.4650 0.5090 0.5340 0.4920 0.4640 0.5200 0.4530 0.4210 0.4290 0.4330


=====================================
Scenario 37:
=====================================

CasualtyDemand:
13 4 8 11 5 20 3 17 5 17
8 12 13 27 26 13 14 0 18 11
2 2 2 11 18 12 16 5 11 20
19 17 12 9 6 28 18 2 20 9
11 7 5 9 4 1 18 15 5 8
7 6 18 13 23 29 28 26 22 29
2 15 13 7 3 17 1 15 3 10
9 0 10 12 9 5 18 20 16 19

HospitalDisruption:
0 0 0 0 0

PatientDemand:
123 123 110 111 93
194 183 180 158 156

PatientDischargedPercentage:
0.0000 0.0000 0.0000 0.0000 0.0000 0.0000 0.0000 0.0000 0.0000 0.0000 0.0000 0.0000 0.0000 0.0000 0.0000
0.0000 0.0000 0.0000 0.0000 0.0000 0.0000 0.0000 0.0000 0.0000 0.0000 0.0000 0.0000 0.0000 0.0000 0.0000
0.0000 0.0000 0.0000 0.0000 0.0000 0.0000 0.0000 0.0000 0.0000 0.0000 0.0000 0.0000 0.0000 0.0000 0.0000
0.0640 0.0830 0.0800 0.0680 0.0710 0.0680 0.0670 0.0760 0.0730 0.0800 0.0840 0.0840 0.0820 0.0790 0.0840
0.0380 0.0570 0.0550 0.0460 0.0400 0.0610 0.0370 0.0570 0.0390 0.0500 0.0440 0.0350 0.0450 0.0470 0.0440
0.0660 0.0760 0.0780 0.0750 0.0770 0.0760 0.0810 0.0820 0.0720 0.0820 0.0690 0.0720 0.0830 0.0640 0.0670
0.0350 0.0530 0.0580 0.0380 0.0420 0.0580 0.0360 0.0490 0.0400 0.0600 0.0470 0.0460 0.0520 0.0570 0.0570
0.4120 0.4710 0.4250 0.5420 0.4900 0.4250 0.4610 0.5250 0.4290 0.5200 0.5430 0.4560 0.4980 0.5440 0.4410


=====================================
Scenario 38:
=====================================

CasualtyDemand:
3 17 12 5 19 6 16 12 0 6
25 10 3 22 3 9 17 11 13 17
0 14 20 11 10 18 18 17 1 6
5 30 1 30 28 28 2 28 5 19
3 7 9 10 19 9 8 13 20 11
27 29 7 22 17 23 20 8 22 24
3 7 1 8 10 12 2 0 12 14
14 16 30 19 28 23 1 7 19 17

HospitalDisruption:
0 1 0 0 1

PatientDemand:
112 139 114 105 106
172 206 171 150 142

PatientDischargedPercentage:
0.0000 0.0000 0.0000 0.0000 0.0000 0.0000 0.0000 0.0000 0.0000 0.0000 0.0000 0.0000 0.0000 0.0000 0.0000
0.0000 0.0000 0.0000 0.0000 0.0000 0.0000 0.0000 0.0000 0.0000 0.0000 0.0000 0.0000 0.0000 0.0000 0.0000
0.0000 0.0000 0.0000 0.0000 0.0000 0.0000 0.0000 0.0000 0.0000 0.0000 0.0000 0.0000 0.0000 0.0000 0.0000
0.0730 0.0720 0.0770 0.0850 0.0750 0.0830 0.0840 0.0680 0.0790 0.0750 0.0800 0.0780 0.0690 0.0790 0.0810
0.0390 0.0450 0.0360 0.0470 0.0500 0.0530 0.0390 0.0350 0.0530 0.0560 0.0490 0.0510 0.0650 0.0540 0.0630
0.0800 0.0640 0.0680 0.0770 0.0750 0.0670 0.0630 0.0720 0.0710 0.0660 0.0710 0.0740 0.0740 0.0740 0.0720
0.0360 0.0440 0.0590 0.0550 0.0370 0.0590 0.0550 0.0570 0.0510 0.0600 0.0460 0.0570 0.0500 0.0380 0.0540
0.4240 0.4570 0.4970 0.5380 0.4720 0.4500 0.4300 0.4590 0.4270 0.4530 0.5150 0.5160 0.4500 0.5350 0.4150


=====================================
Scenario 39:
=====================================

CasualtyDemand:
18 11 4 13 10 17 4 2 12 4
8 18 7 2 3 23 7 12 5 23
0 5 3 6 15 1 17 8 13 8
12 28 8 25 3 6 6 7 4 30
12 14 9 5 2 16 11 8 9 9
8 27 14 22 17 16 16 3 12 30
11 10 14 9 4 4 2 12 14 7
16 9 22 2 25 25 18 7 23 8

HospitalDisruption:
1 0 0 0 0

PatientDemand:
128 131 106 113 98
189 185 155 169 139

PatientDischargedPercentage:
0.0000 0.0000 0.0000 0.0000 0.0000 0.0000 0.0000 0.0000 0.0000 0.0000 0.0000 0.0000 0.0000 0.0000 0.0000
0.0000 0.0000 0.0000 0.0000 0.0000 0.0000 0.0000 0.0000 0.0000 0.0000 0.0000 0.0000 0.0000 0.0000 0.0000
0.0000 0.0000 0.0000 0.0000 0.0000 0.0000 0.0000 0.0000 0.0000 0.0000 0.0000 0.0000 0.0000 0.0000 0.0000
0.0810 0.0750 0.0710 0.0730 0.0730 0.0690 0.0830 0.0730 0.0790 0.0760 0.0750 0.0750 0.0650 0.0720 0.0850
0.0510 0.0500 0.0560 0.0490 0.0410 0.0410 0.0380 0.0530 0.0560 0.0460 0.0510 0.0440 0.0570 0.0370 0.0600
0.0810 0.0760 0.0680 0.0800 0.0690 0.0830 0.0640 0.0750 0.0750 0.0710 0.0740 0.0720 0.0740 0.0780 0.0680
0.0590 0.0440 0.0410 0.0510 0.0560 0.0630 0.0470 0.0520 0.0570 0.0580 0.0370 0.0510 0.0380 0.0450 0.0410
0.4500 0.5220 0.4750 0.4950 0.4750 0.4310 0.4140 0.4680 0.4410 0.5060 0.5070 0.4910 0.4640 0.5060 0.4320


=====================================
Scenario 40:
=====================================

CasualtyDemand:
8 6 16 19 17 0 17 19 16 17
29 29 28 7 7 21 5 13 26 30
15 16 18 20 15 2 12 20 5 7
9 22 2 2 20 14 27 6 12 28
5 17 15 19 3 13 11 10 20 20
6 10 4 6 20 18 1 29 28 1
2 14 17 20 17 2 4 13 15 15
24 7 9 20 20 5 1 11 14 27

HospitalDisruption:
0 0 0 1 1

PatientDemand:
117 125 118 119 105
163 208 182 174 157

PatientDischargedPercentage:
0.0000 0.0000 0.0000 0.0000 0.0000 0.0000 0.0000 0.0000 0.0000 0.0000 0.0000 0.0000 0.0000 0.0000 0.0000
0.0000 0.0000 0.0000 0.0000 0.0000 0.0000 0.0000 0.0000 0.0000 0.0000 0.0000 0.0000 0.0000 0.0000 0.0000
0.0000 0.0000 0.0000 0.0000 0.0000 0.0000 0.0000 0.0000 0.0000 0.0000 0.0000 0.0000 0.0000 0.0000 0.0000
0.0770 0.0750 0.0740 0.0840 0.0850 0.0670 0.0710 0.0660 0.0670 0.0770 0.0760 0.0640 0.0840 0.0830 0.0640
0.0380 0.0560 0.0610 0.0650 0.0610 0.0370 0.0410 0.0550 0.0580 0.0580 0.0590 0.0420 0.0440 0.0550 0.0550
0.0670 0.0630 0.0710 0.0730 0.0830 0.0640 0.0720 0.0820 0.0810 0.0740 0.0730 0.0850 0.0800 0.0730 0.0820
0.0390 0.0540 0.0600 0.0540 0.0540 0.0390 0.0410 0.0370 0.0400 0.0550 0.0460 0.0610 0.0470 0.0370 0.0590
0.4850 0.4220 0.4500 0.4100 0.4310 0.4970 0.4960 0.4520 0.5110 0.4520 0.5040 0.4270 0.4410 0.4320 0.4540


=====================================
Scenario 41:
=====================================

CasualtyDemand:
12 20 2 16 7 2 10 3 1 8
3 1 0 4 7 15 22 29 23 0
11 7 16 16 11 19 8 10 11 4
26 11 7 22 2 20 23 26 11 19
5 12 4 17 15 8 2 16 8 2
6 9 1 11 9 27 10 10 7 21
3 5 19 13 2 15 2 16 5 13
7 14 20 25 23 20 13 6 7 7

HospitalDisruption:
0 1 0 0 0

PatientDemand:
121 141 104 116 95
165 196 157 152 144

PatientDischargedPercentage:
0.0000 0.0000 0.0000 0.0000 0.0000 0.0000 0.0000 0.0000 0.0000 0.0000 0.0000 0.0000 0.0000 0.0000 0.0000
0.0000 0.0000 0.0000 0.0000 0.0000 0.0000 0.0000 0.0000 0.0000 0.0000 0.0000 0.0000 0.0000 0.0000 0.0000
0.0000 0.0000 0.0000 0.0000 0.0000 0.0000 0.0000 0.0000 0.0000 0.0000 0.0000 0.0000 0.0000 0.0000 0.0000
0.0720 0.0650 0.0810 0.0710 0.0660 0.0670 0.0690 0.0640 0.0710 0.0700 0.0830 0.0700 0.0710 0.0680 0.0780
0.0390 0.0420 0.0630 0.0540 0.0380 0.0580 0.0380 0.0580 0.0420 0.0540 0.0420 0.0490 0.0550 0.0600 0.0580
0.0780 0.0730 0.0680 0.0680 0.0680 0.0630 0.0740 0.0820 0.0820 0.0850 0.0660 0.0670 0.0770 0.0800 0.0830
0.0510 0.0560 0.0650 0.0380 0.0370 0.0410 0.0410 0.0430 0.0560 0.0440 0.0560 0.0580 0.0540 0.0610 0.0620
0.4470 0.5220 0.4600 0.4180 0.4250 0.5450 0.5190 0.4730 0.5440 0.4360 0.4120 0.4440 0.4890 0.4110 0.4190


=====================================
Scenario 42:
=====================================

CasualtyDemand:
2 13 10 2 14 7 18 18 3 11
26 21 9 25 14 24 4 14 7 7
9 13 10 4 3 13 9 17 11 3
18 19 6 13 25 14 25 17 6 22
7 18 7 1 12 16 13 9 15 12
28 6 10 16 19 1 12 8 13 3
19 13 10 14 3 15 16 17 13 4
19 17 21 23 29 8 0 25 15 12

HospitalDisruption:
0 0 0 0 0

PatientDemand:
110 133 112 102 101
172 211 181 154 148

PatientDischargedPercentage:
0.0000 0.0000 0.0000 0.0000 0.0000 0.0000 0.0000 0.0000 0.0000 0.0000 0.0000 0.0000 0.0000 0.0000 0.0000
0.0000 0.0000 0.0000 0.0000 0.0000 0.0000 0.0000 0.0000 0.0000 0.0000 0.0000 0.0000 0.0000 0.0000 0.0000
0.0000 0.0000 0.0000 0.0000 0.0000 0.0000 0.0000 0.0000 0.0000 0.0000 0.0000 0.0000 0.0000 0.0000 0.0000
0.0800 0.0780 0.0730 0.0800 0.0760 0.0830 0.0680 0.0700 0.0740 0.0770 0.0640 0.0720 0.0690 0.0730 0.0650
0.0640 0.0540 0.0500 0.0550 0.0400 0.0570 0.0580 0.0600 0.0540 0.0410 0.0540 0.0520 0.0560 0.0580 0.0640
0.0690 0.0630 0.0810 0.0740 0.0720 0.0820 0.0750 0.0690 0.0670 0.0740 0.0750 0.0780 0.0820 0.0830 0.0690
0.0530 0.0490 0.0410 0.0470 0.0380 0.0480 0.0630 0.0640 0.0550 0.0610 0.0360 0.0560 0.0530 0.0630 0.0400
0.4770 0.5420 0.5060 0.4690 0.5470 0.4360 0.4510 0.5260 0.4080 0.4990 0.4490 0.5380 0.4660 0.5070 0.4640


=====================================
Scenario 43:
=====================================

CasualtyDemand:
17 2 14 7 3 10 13 15 13 6
22 1 5 20 17 1 2 3 4 14
5 11 8 8 12 5 19 10 17 3
11 8 9 21 29 7 26 16 3 25
1 6 8 7 16 12 4 6 4 12
11 10 26 22 22 13 13 28 7 7
7 2 5 6 16 18 13 10 1 20
13 0 14 2 3 28 10 17 24 3

HospitalDisruption:
0 0 0 0 0

PatientDemand:
127 120 116 107 92
177 202 176 170 142

PatientDischargedPercentage:
0.0000 0.0000 0.0000 0.0000 0.0000 0.0000 0.0000 0.0000 0.0000 0.0000 0.0000 0.0000 0.0000 0.0000 0.0000
0.0000 0.0000 0.0000 0.0000 0.0000 0.0000 0.0000 0.0000 0.0000 0.0000 0.0000 0.0000 0.0000 0.0000 0.0000
0.0000 0.0000 0.0000 0.0000 0.0000 0.0000 0.0000 0.0000 0.0000 0.0000 0.0000 0.0000 0.0000 0.0000 0.0000
0.0760 0.0680 0.0690 0.0680 0.0770 0.0710 0.0710 0.0820 0.0790 0.0790 0.0730 0.0730 0.0830 0.0680 0.0680
0.0460 0.0370 0.0420 0.0450 0.0590 0.0630 0.0540 0.0500 0.0370 0.0640 0.0480 0.0350 0.0490 0.0370 0.0380
0.0840 0.0700 0.0750 0.0800 0.0650 0.0770 0.0690 0.0710 0.0690 0.0760 0.0710 0.0630 0.0650 0.0730 0.0690
0.0600 0.0610 0.0460 0.0550 0.0430 0.0430 0.0540 0.0480 0.0350 0.0550 0.0540 0.0420 0.0530 0.0570 0.0450
0.4390 0.4190 0.4660 0.4940 0.4530 0.4500 0.5450 0.4910 0.4160 0.4140 0.4850 0.4070 0.5100 0.5010 0.4890


=====================================
Scenario 44:
=====================================

CasualtyDemand:
7 15 6 10 8 3 0 1 10 2
23 24 11 28 6 11 12 26 19 21
14 8 12 14 5 8 10 3 4 2
7 15 2 28 9 12 9 15 27 29
18 2 13 19 17 12 4 7 13 12
15 16 19 22 10 7 21 29 14 29
7 13 10 17 4 14 8 11 17 16
17 10 16 16 13 11 14 13 16 1

HospitalDisruption:
0 0 0 0 0

PatientDemand:
116 136 108 110 97
168 179 154 165 137

PatientDischargedPercentage:
0.0000 0.0000 0.0000 0.0000 0.0000 0.0000 0.0000 0.0000 0.0000 0.0000 0.0000 0.0000 0.0000 0.0000 0.0000
0.0000 0.0000 0.0000 0.0000 0.0000 0.0000 0.0000 0.0000 0.0000 0.0000 0.0000 0.0000 0.0000 0.0000 0.0000
0.0000 0.0000 0.0000 0.0000 0.0000 0.0000 0.0000 0.0000 0.0000 0.0000 0.0000 0.0000 0.0000 0.0000 0.0000
0.0760 0.0680 0.0700 0.0770 0.0760 0.0740 0.0750 0.0770 0.0790 0.0700 0.0680 0.0790 0.0840 0.0730 0.0840
0.0450 0.0550 0.0500 0.0600 0.0420 0.0560 0.0480 0.0510 0.0610 0.0600 0.0520 0.0450 0.0510 0.0510 0.0480
0.0710 0.0740 0.0730 0.0750 0.0640 0.0720 0.0730 0.0650 0.0830 0.0710 0.0780 0.0750 0.0680 0.0850 0.0810
0.0560 0.0600 0.0560 0.0390 0.0510 0.0360 0.0610 0.0440 0.0600 0.0630 0.0640 0.0410 0.0580 0.0500 0.0580
0.5180 0.4190 0.4600 0.4600 0.5080 0.4340 0.5200 0.4460 0.4710 0.5250 0.4900 0.4750 0.4900 0.4160 0.4540


=====================================
Scenario 45:
=====================================

CasualtyDemand:
14 8 18 4 0 8 7 4 6 15
4 3 10 27 21 8 30 26 9 7
14 4 11 19 10 14 11 15 0 6
21 14 19 3 13 29 20 16 22 14
9 15 18 19 9 13 19 5 15 16
15 5 11 19 29 14 6 16 12 3
10 3 9 4 19 5 10 19 4 5
17 18 16 7 10 5 25 19 3 25

HospitalDisruption:
0 0 1 0 0

PatientDemand:
124 128 120 104 89
175 191 159 159 154

PatientDischargedPercentage:
0.0000 0.0000 0.0000 0.0000 0.0000 0.0000 0.0000 0.0000 0.0000 0.0000 0.0000 0.0000 0.0000 0.0000 0.0000
0.0000 0.0000 0.0000 0.0000 0.0000 0.0000 0.0000 0.0000 0.0000 0.0000 0.0000 0.0000 0.0000 0.0000 0.0000
0.0000 0.0000 0.0000 0.0000 0.0000 0.0000 0.0000 0.0000 0.0000 0.0000 0.0000 0.0000 0.0000 0.0000 0.0000
0.0770 0.0830 0.0680 0.0790 0.0810 0.0740 0.0660 0.0710 0.0770 0.0840 0.0730 0.0670 0.0750 0.0720 0.0650
0.0500 0.0390 0.0490 0.0420 0.0640 0.0420 0.0500 0.0630 0.0420 0.0430 0.0520 0.0530 0.0510 0.0420 0.0450
0.0670 0.0810 0.0770 0.0650 0.0810 0.0700 0.0820 0.0840 0.0650 0.0850 0.0710 0.0800 0.0840 0.0710 0.0760
0.0500 0.0350 0.0370 0.0490 0.0450 0.0580 0.0460 0.0570 0.0400 0.0360 0.0610 0.0500 0.0420 0.0590 0.0460
0.5510 0.4920 0.4680 0.4890 0.4940 0.4110 0.4980 0.5040 0.4810 0.4630 0.4820 0.5420 0.4910 0.4070 0.4100


=====================================
Scenario 46:
=====================================

CasualtyDemand:
4 3 1 13 11 17 11 11 18 5
20 20 27 26 12 17 10 9 29 11
1 5 16 3 7 19 10 1 17 11
27 16 28 23 11 3 4 10 30 20
14 19 7 1 5 3 7 5 15 8
7 13 12 0 15 5 23 21 27 24
16 5 14 5 4 9 13 1 2 5
0 10 24 6 10 21 20 19 5 27

HospitalDisruption:
0 0 0 0 0

PatientDemand:
113 121 103 113 99
190 198 169 176 141

PatientDischargedPercentage:
0.0000 0.0000 0.0000 0.0000 0.0000 0.0000 0.0000 0.0000 0.0000 0.0000 0.0000 0.0000 0.0000 0.0000 0.0000
0.0000 0.0000 0.0000 0.0000 0.0000 0.0000 0.0000 0.0000 0.0000 0.0000 0.0000 0.0000 0.0000 0.0000 0.0000
0.0000 0.0000 0.0000 0.0000 0.0000 0.0000 0.0000 0.0000 0.0000 0.0000 0.0000 0.0000 0.0000 0.0000 0.0000
0.0670 0.0700 0.0690 0.0790 0.0710 0.0680 0.0720 0.0720 0.0630 0.0740 0.0660 0.0800 0.0790 0.0830 0.0800
0.0600 0.0430 0.0560 0.0430 0.0400 0.0490 0.0550 0.0360 0.0380 0.0420 0.0350 0.0450 0.0590 0.0410 0.0450
0.0780 0.0780 0.0770 0.0670 0.0830 0.0720 0.0710 0.0800 0.0810 0.0810 0.0710 0.0720 0.0670 0.0640 0.0770
0.0630 0.0550 0.0550 0.0430 0.0480 0.0560 0.0500 0.0600 0.0620 0.0440 0.0440 0.0370 0.0550 0.0440 0.0620
0.4870 0.4790 0.4630 0.4190 0.4780 0.4780 0.4240 0.5280 0.4770 0.4900 0.4900 0.4620 0.4600 0.5400 0.4600


=====================================
Scenario 47:
=====================================

CasualtyDemand:
19 16 9 19 15 11 2 16 8 14
11 8 30 11 25 3 16 25 17 15
10 10 3 1 9 15 18 19 7 8
26 15 10 29 14 26 22 21 13 21
19 8 16 18 4 6 9 17 8 4
23 25 8 7 17 29 27 8 18 26
16 18 16 15 5 10 16 6 2 10
8 13 20 26 15 23 9 29 25 1

HospitalDisruption:
1 0 0 1 0

PatientDemand:
129 137 111 119 102
180 181 177 162 152

PatientDischargedPercentage:
0.0000 0.0000 0.0000 0.0000 0.0000 0.0000 0.0000 0.0000 0.0000 0.0000 0.0000 0.0000 0.0000 0.0000 0.0000
0.0000 0.0000 0.0000 0.0000 0.0000 0.0000 0.0000 0.0000 0.0000 0.0000 0.0000 0.0000 0.0000 0.0000 0.0000
0.0000 0.0000 0.0000 0.0000 0.0000 0.0000 0.0000 0.0000 0.0000 0.0000 0.0000 0.0000 0.0000 0.0000 0.0000
0.0700 0.0730 0.0810 0.0720 0.0670 0.0800 0.0820 0.0690 0.0680 0.0750 0.0840 0.0830 0.0690 0.0760 0.0820
0.0590 0.0620 0.0590 0.0570 0.0420 0.0500 0.0590 0.0440 0.0390 0.0510 0.0430 0.0480 0.0550 0.0610 0.0500
0.0800 0.0690 0.0850 0.0820 0.0630 0.0760 0.0660 0.0820 0.0810 0.0740 0.0840 0.0700 0.0790 0.0650 0.0800
0.0450 0.0390 0.0590 0.0640 0.0370 0.0580 0.0600 0.0480 0.0640 0.0360 0.0630 0.0590 0.0590 0.0590 0.0590
0.4490 0.5030 0.4880 0.4410 0.4140 0.4830 0.4740 0.5240 0.5410 0.5260 0.4150 0.4700 0.4850 0.5250 0.4970


=====================================
Scenario 48:
=====================================

CasualtyDemand:
9 9 13 16 4 13 15 13 20 15
28 23 1 15 16 28 20 28 27 3
16 15 7 10 1 1 12 2 19 9
21 8 24 7 10 29 7 27 16 2
2 11 0 16 15 16 13 18 18 17
13 15 9 11 16 8 17 13 15 15
13 6 10 13 12 7 18 15 2 19
13 5 22 7 18 16 7 10 27 10

HospitalDisruption:
0 0 0 0 0

PatientDemand:
118 129 115 116 92
182 204 172 180 153

PatientDischargedPercentage:
0.0000 0.0000 0.0000 0.0000 0.0000 0.0000 0.0000 0.0000 0.0000 0.0000 0.0000 0.0000 0.0000 0.0000 0.0000
0.0000 0.0000 0.0000 0.0000 0.0000 0.0000 0.0000 0.0000 0.0000 0.0000 0.0000 0.0000 0.0000 0.0000 0.0000
0.0000 0.0000 0.0000 0.0000 0.0000 0.0000 0.0000 0.0000 0.0000 0.0000 0.0000 0.0000 0.0000 0.0000 0.0000
0.0800 0.0770 0.0830 0.0830 0.0820 0.0730 0.0740 0.0700 0.0710 0.0750 0.0690 0.0750 0.0730 0.0740 0.0740
0.0540 0.0440 0.0490 0.0540 0.0530 0.0450 0.0620 0.0570 0.0370 0.0640 0.0480 0.0400 0.0570 0.0420 0.0530
0.0750 0.0680 0.0700 0.0830 0.0710 0.0810 0.0630 0.0750 0.0670 0.0700 0.0750 0.0690 0.0710 0.0800 0.0800
0.0640 0.0440 0.0500 0.0440 0.0550 0.0490 0.0620 0.0490 0.0570 0.0410 0.0600 0.0440 0.0420 0.0480 0.0470
0.4430 0.4730 0.4840 0.4970 0.4290 0.5410 0.4540 0.4580 0.4410 0.5340 0.4080 0.4430 0.4700 0.4990 0.4370


=====================================
Scenario 49:
=====================================

CasualtyDemand:
10 5 5 2 18 14 6 7 19 20
10 14 22 18 18 18 7 4 8 6
13 16 16 3 2 18 5 1 9 9
29 11 16 28 23 7 16 14 15 12
9 9 20 8 14 12 20 16 13 13
11 14 17 19 6 21 22 12 29 11
15 5 8 3 19 9 9 18 6 1
3 21 23 19 22 9 29 16 26 6

HospitalDisruption:
0 0 0 0 1

PatientDemand:
119 124 107 102 105
185 189 164 179 159

PatientDischargedPercentage:
0.0000 0.0000 0.0000 0.0000 0.0000 0.0000 0.0000 0.0000 0.0000 0.0000 0.0000 0.0000 0.0000 0.0000 0.0000
0.0000 0.0000 0.0000 0.0000 0.0000 0.0000 0.0000 0.0000 0.0000 0.0000 0.0000 0.0000 0.0000 0.0000 0.0000
0.0000 0.0000 0.0000 0.0000 0.0000 0.0000 0.0000 0.0000 0.0000 0.0000 0.0000 0.0000 0.0000 0.0000 0.0000
0.0760 0.0850 0.0800 0.0770 0.0780 0.0710 0.0740 0.0760 0.0770 0.0670 0.0790 0.0790 0.0720 0.0840 0.0710
0.0570 0.0430 0.0470 0.0400 0.0630 0.0490 0.0490 0.0620 0.0440 0.0360 0.0380 0.0560 0.0580 0.0540 0.0570
0.0700 0.0840 0.0740 0.0820 0.0670 0.0780 0.0660 0.0780 0.0850 0.0840 0.0770 0.0730 0.0720 0.0760 0.0680
0.0390 0.0360 0.0510 0.0550 0.0370 0.0580 0.0400 0.0410 0.0420 0.0460 0.0570 0.0610 0.0610 0.0450 0.0650
0.4510 0.4440 0.4710 0.4450 0.5200 0.5150 0.4100 0.5490 0.5000 0.4390 0.4680 0.4950 0.5090 0.5300 0.4900


=====================================
Scenario 50:
=====================================

CasualtyDemand:
0 18 17 6 9 19 12 14 9 10
19 27 23 8 29 27 23 6 14 1
11 9 18 10 9 9 13 14 15 7
24 26 20 5 19 22 8 25 22 17
18 15 7 10 3 12 11 6 17 3
13 18 17 12 17 19 6 12 29 0
15 11 14 13 5 4 9 11 1 13
28 7 0 25 26 29 29 24 27 8

HospitalDisruption:
0 1 0 0 0

PatientDemand:
108 140 119 106 97
192 200 174 163 147

PatientDischargedPercentage:
0.0000 0.0000 0.0000 0.0000 0.0000 0.0000 0.0000 0.0000 0.0000 0.0000 0.0000 0.0000 0.0000 0.0000 0.0000
0.0000 0.0000 0.0000 0.0000 0.0000 0.0000 0.0000 0.0000 0.0000 0.0000 0.0000 0.0000 0.0000 0.0000 0.0000
0.0000 0.0000 0.0000 0.0000 0.0000 0.0000 0.0000 0.0000 0.0000 0.0000 0.0000 0.0000 0.0000 0.0000 0.0000
0.0760 0.0750 0.0700 0.0810 0.0660 0.0730 0.0760 0.0760 0.0720 0.0760 0.0770 0.0670 0.0720 0.0850 0.0630
0.0580 0.0510 0.0560 0.0550 0.0420 0.0410 0.0480 0.0510 0.0370 0.0550 0.0630 0.0420 0.0350 0.0600 0.0610
0.0840 0.0850 0.0800 0.0830 0.0690 0.0810 0.0680 0.0750 0.0680 0.0810 0.0640 0.0700 0.0670 0.0660 0.0830
0.0450 0.0400 0.0600 0.0650 0.0650 0.0590 0.0610 0.0430 0.0500 0.0430 0.0390 0.0450 0.0580 0.0370 0.0460
0.5240 0.4610 0.4920 0.4430 0.4570 0.4710 0.4860 0.4530 0.5010 0.5010 0.4550 0.4460 0.4840 0.5160 0.4420

