
=====================================
Scenario 1:
=====================================

CasualtyDemand:
14 10 13 13 14 10 10 6 10 12
13 14 8 13 14 17 18 13 3 13
11 14 13 8 10 11 14 12 10 6
17 10 21 11 18 21 13 17 16 15
12 5 17 11 9 5 7 5 8 7
19 11 18 12 17 12 14 6 17 17
9 8 12 8 14 8 8 7 12 8
7 21 23 19 20 21 21 17 18 24

HospitalDisruption:
0 0 0 0 0

PatientDemand:
118 132 116 114 94
176 209 160 162 141

PatientDischargedPercentage:
0.0000 0.0000 0.0000 0.0000 0.0000 0.0000 0.0000 0.0000 0.0000 0.0000 0.0000 0.0000 0.0000 0.0000 0.0000
0.0000 0.0000 0.0000 0.0000 0.0000 0.0000 0.0000 0.0000 0.0000 0.0000 0.0000 0.0000 0.0000 0.0000 0.0000
0.0000 0.0000 0.0000 0.0000 0.0000 0.0000 0.0000 0.0000 0.0000 0.0000 0.0000 0.0000 0.0000 0.0000 0.0000
0.0700 0.0760 0.0680 0.0720 0.0700 0.0710 0.0770 0.0750 0.0730 0.0730 0.0680 0.0780 0.0780 0.0760 0.0750
0.0550 0.0530 0.0470 0.0480 0.0480 0.0440 0.0520 0.0520 0.0560 0.0490 0.0500 0.0480 0.0560 0.0450 0.0540
0.0810 0.0770 0.0710 0.0780 0.0770 0.0750 0.0740 0.0730 0.0710 0.0740 0.0770 0.0730 0.0700 0.0770 0.0740
0.0500 0.0480 0.0490 0.0520 0.0560 0.0450 0.0520 0.0450 0.0540 0.0510 0.0430 0.0460 0.0450 0.0550 0.0540
0.4290 0.4320 0.5280 0.4510 0.4980 0.4260 0.4680 0.5300 0.4710 0.4700 0.4930 0.4240 0.4400 0.4950 0.5390


=====================================
Scenario 2:
=====================================

CasualtyDemand:
9 12 6 10 10 12 8 10 7 12
12 21 19 23 16 10 18 17 20 12
7 12 10 12 10 7 14 9 10 6
9 15 17 15 23 21 7 8 18 15
12 7 9 13 10 11 12 9 12 7
16 19 11 23 18 12 17 16 22 11
7 10 12 9 8 11 15 13 15 7
21 20 20 13 17 17 24 4 14 19

HospitalDisruption:
0 0 0 0 0

PatientDemand:
119 137 110 105 103
174 189 155 172 145

PatientDischargedPercentage:
0.0000 0.0000 0.0000 0.0000 0.0000 0.0000 0.0000 0.0000 0.0000 0.0000 0.0000 0.0000 0.0000 0.0000 0.0000
0.0000 0.0000 0.0000 0.0000 0.0000 0.0000 0.0000 0.0000 0.0000 0.0000 0.0000 0.0000 0.0000 0.0000 0.0000
0.0000 0.0000 0.0000 0.0000 0.0000 0.0000 0.0000 0.0000 0.0000 0.0000 0.0000 0.0000 0.0000 0.0000 0.0000
0.0730 0.0740 0.0760 0.0730 0.0750 0.0710 0.0750 0.0710 0.0740 0.0710 0.0760 0.0750 0.0760 0.0750 0.0740
0.0500 0.0500 0.0520 0.0480 0.0520 0.0500 0.0540 0.0490 0.0530 0.0470 0.0500 0.0480 0.0480 0.0490 0.0480
0.0760 0.0720 0.0730 0.0760 0.0740 0.0760 0.0730 0.0750 0.0740 0.0750 0.0720 0.0740 0.0740 0.0720 0.0740
0.0480 0.0550 0.0510 0.0480 0.0490 0.0490 0.0520 0.0520 0.0500 0.0520 0.0490 0.0500 0.0510 0.0520 0.0500
0.4490 0.4430 0.4200 0.4780 0.4310 0.4720 0.4410 0.4490 0.4640 0.4740 0.4810 0.5060 0.4560 0.4670 0.4800


=====================================
Scenario 3:
=====================================

CasualtyDemand:
9 6 12 10 9 12 9 13 11 11
9 15 16 13 18 8 10 20 19 10
12 11 11 11 13 13 10 14 7 9
17 19 24 19 12 18 18 10 19 20
11 11 9 9 13 8 7 6 10 8
10 22 19 16 8 11 10 22 12 17
13 8 9 12 9 10 7 10 12 11
16 17 12 17 15 9 20 22 17 13

HospitalDisruption:
0 0 0 0 0

PatientDemand:
112 135 107 110 102
172 207 176 175 147

PatientDischargedPercentage:
0.0000 0.0000 0.0000 0.0000 0.0000 0.0000 0.0000 0.0000 0.0000 0.0000 0.0000 0.0000 0.0000 0.0000 0.0000
0.0000 0.0000 0.0000 0.0000 0.0000 0.0000 0.0000 0.0000 0.0000 0.0000 0.0000 0.0000 0.0000 0.0000 0.0000
0.0000 0.0000 0.0000 0.0000 0.0000 0.0000 0.0000 0.0000 0.0000 0.0000 0.0000 0.0000 0.0000 0.0000 0.0000
0.0750 0.0720 0.0740 0.0760 0.0760 0.0740 0.0720 0.0720 0.0720 0.0750 0.0720 0.0730 0.0720 0.0750 0.0740
0.0490 0.0480 0.0480 0.0500 0.0530 0.0460 0.0500 0.0460 0.0470 0.0480 0.0480 0.0500 0.0520 0.0490 0.0470
0.0770 0.0740 0.0730 0.0740 0.0750 0.0740 0.0760 0.0760 0.0730 0.0720 0.0720 0.0710 0.0720 0.0730 0.0730
0.0500 0.0500 0.0500 0.0500 0.0530 0.0520 0.0470 0.0470 0.0500 0.0470 0.0500 0.0500 0.0510 0.0480 0.0530
0.4970 0.5040 0.4900 0.4330 0.4670 0.4940 0.4620 0.5060 0.4380 0.4990 0.4880 0.5050 0.5040 0.5130 0.4550


=====================================
Scenario 4:
=====================================

CasualtyDemand:
10 8 8 10 13 11 11 11 12 13
13 13 18 19 18 15 12 12 9 15
11 11 11 8 8 12 10 7 11 12
23 15 12 23 19 13 20 15 17 15
10 8 13 12 12 10 13 12 9 11
15 17 23 15 12 16 19 11 23 14
7 9 10 8 13 11 9 12 9 10
12 15 21 19 13 11 14 15 21 13

HospitalDisruption:
0 0 0 0 0

PatientDemand:
112 128 115 115 96
169 185 161 163 146

PatientDischargedPercentage:
0.0000 0.0000 0.0000 0.0000 0.0000 0.0000 0.0000 0.0000 0.0000 0.0000 0.0000 0.0000 0.0000 0.0000 0.0000
0.0000 0.0000 0.0000 0.0000 0.0000 0.0000 0.0000 0.0000 0.0000 0.0000 0.0000 0.0000 0.0000 0.0000 0.0000
0.0000 0.0000 0.0000 0.0000 0.0000 0.0000 0.0000 0.0000 0.0000 0.0000 0.0000 0.0000 0.0000 0.0000 0.0000
0.0780 0.0720 0.0730 0.0760 0.0760 0.0730 0.0740 0.0760 0.0760 0.0740 0.0750 0.0770 0.0720 0.0720 0.0700
0.0550 0.0480 0.0470 0.0460 0.0490 0.0460 0.0510 0.0530 0.0500 0.0500 0.0460 0.0500 0.0490 0.0460 0.0440
0.0740 0.0740 0.0770 0.0730 0.0740 0.0760 0.0730 0.0750 0.0690 0.0740 0.0740 0.0730 0.0770 0.0740 0.0740
0.0550 0.0570 0.0500 0.0490 0.0550 0.0510 0.0490 0.0470 0.0550 0.0440 0.0490 0.0500 0.0460 0.0510 0.0500
0.4800 0.4510 0.4740 0.4950 0.4330 0.5200 0.4660 0.4460 0.4450 0.5100 0.4320 0.4390 0.4530 0.4920 0.4580


=====================================
Scenario 5:
=====================================

CasualtyDemand:
11 11 11 5 12 11 9 10 12 11
23 15 14 17 12 15 15 17 17 14
9 10 8 9 11 10 9 8 11 10
23 17 15 14 17 19 11 19 13 14
8 11 13 7 13 9 10 11 8 11
14 16 12 10 18 17 20 16 10 17
10 13 9 10 7 9 11 11 11 12
21 20 15 18 17 11 15 14 13 17

HospitalDisruption:
0 0 0 0 0

PatientDemand:
124 130 110 107 94
185 187 177 156 153

PatientDischargedPercentage:
0.0000 0.0000 0.0000 0.0000 0.0000 0.0000 0.0000 0.0000 0.0000 0.0000 0.0000 0.0000 0.0000 0.0000 0.0000
0.0000 0.0000 0.0000 0.0000 0.0000 0.0000 0.0000 0.0000 0.0000 0.0000 0.0000 0.0000 0.0000 0.0000 0.0000
0.0000 0.0000 0.0000 0.0000 0.0000 0.0000 0.0000 0.0000 0.0000 0.0000 0.0000 0.0000 0.0000 0.0000 0.0000
0.0740 0.0730 0.0760 0.0690 0.0750 0.0750 0.0740 0.0740 0.0730 0.0760 0.0740 0.0770 0.0760 0.0720 0.0730
0.0530 0.0520 0.0500 0.0510 0.0470 0.0450 0.0510 0.0490 0.0500 0.0500 0.0460 0.0530 0.0470 0.0530 0.0500
0.0730 0.0730 0.0690 0.0720 0.0700 0.0770 0.0700 0.0770 0.0770 0.0780 0.0760 0.0730 0.0720 0.0740 0.0700
0.0510 0.0480 0.0500 0.0500 0.0490 0.0580 0.0440 0.0480 0.0520 0.0460 0.0490 0.0450 0.0510 0.0490 0.0500
0.5300 0.4950 0.5220 0.5110 0.4950 0.4920 0.4190 0.5120 0.4810 0.4790 0.5040 0.4680 0.4960 0.4360 0.4750


=====================================
Scenario 6:
=====================================

CasualtyDemand:
10 7 7 6 7 8 12 7 7 11
8 20 10 12 10 16 22 13 18 12
14 12 11 9 6 13 9 9 8 7
15 11 17 15 17 19 15 15 24 11
8 11 14 11 9 11 13 9 8 12
15 21 18 20 22 17 14 12 16 15
9 13 14 4 10 7 5 9 6 12
23 15 20 12 15 11 12 25 10 15

HospitalDisruption:
0 0 0 0 0

PatientDemand:
118 124 117 111 103
178 190 167 159 140

PatientDischargedPercentage:
0.0000 0.0000 0.0000 0.0000 0.0000 0.0000 0.0000 0.0000 0.0000 0.0000 0.0000 0.0000 0.0000 0.0000 0.0000
0.0000 0.0000 0.0000 0.0000 0.0000 0.0000 0.0000 0.0000 0.0000 0.0000 0.0000 0.0000 0.0000 0.0000 0.0000
0.0000 0.0000 0.0000 0.0000 0.0000 0.0000 0.0000 0.0000 0.0000 0.0000 0.0000 0.0000 0.0000 0.0000 0.0000
0.0720 0.0700 0.0710 0.0720 0.0730 0.0710 0.0720 0.0750 0.0760 0.0740 0.0750 0.0770 0.0750 0.0770 0.0730
0.0500 0.0520 0.0490 0.0570 0.0530 0.0550 0.0510 0.0480 0.0550 0.0480 0.0440 0.0410 0.0460 0.0530 0.0540
0.0780 0.0710 0.0790 0.0780 0.0750 0.0760 0.0700 0.0760 0.0740 0.0710 0.0730 0.0750 0.0750 0.0740 0.0740
0.0580 0.0490 0.0510 0.0550 0.0430 0.0490 0.0480 0.0530 0.0480 0.0540 0.0510 0.0570 0.0550 0.0450 0.0520
0.4660 0.5100 0.4530 0.5090 0.5060 0.4520 0.4890 0.4650 0.4980 0.5210 0.4810 0.4910 0.4670 0.5350 0.4410


=====================================
Scenario 7:
=====================================

CasualtyDemand:
11 11 10 10 7 9 14 10 7 12
11 11 26 19 23 14 20 8 17 19
15 10 9 7 5 11 8 10 5 14
23 14 17 9 13 17 10 20 12 15
10 8 13 11 11 7 7 8 6 6
9 9 12 13 21 9 15 9 15 16
13 9 7 7 14 8 9 10 9 11
15 16 15 14 21 16 14 11 15 14

HospitalDisruption:
0 0 0 0 0

PatientDemand:
117 137 111 112 103
188 195 177 162 144

PatientDischargedPercentage:
0.0000 0.0000 0.0000 0.0000 0.0000 0.0000 0.0000 0.0000 0.0000 0.0000 0.0000 0.0000 0.0000 0.0000 0.0000
0.0000 0.0000 0.0000 0.0000 0.0000 0.0000 0.0000 0.0000 0.0000 0.0000 0.0000 0.0000 0.0000 0.0000 0.0000
0.0000 0.0000 0.0000 0.0000 0.0000 0.0000 0.0000 0.0000 0.0000 0.0000 0.0000 0.0000 0.0000 0.0000 0.0000
0.0740 0.0750 0.0720 0.0770 0.0710 0.0730 0.0760 0.0720 0.0740 0.0750 0.0730 0.0760 0.0760 0.0760 0.0730
0.0490 0.0450 0.0500 0.0530 0.0490 0.0480 0.0480 0.0470 0.0520 0.0480 0.0490 0.0490 0.0490 0.0520 0.0500
0.0720 0.0720 0.0720 0.0750 0.0770 0.0750 0.0720 0.0710 0.0760 0.0770 0.0780 0.0760 0.0740 0.0730 0.0730
0.0510 0.0490 0.0490 0.0520 0.0460 0.0480 0.0510 0.0480 0.0480 0.0490 0.0490 0.0490 0.0520 0.0480 0.0480
0.4990 0.4690 0.4600 0.5200 0.4920 0.5020 0.4550 0.4760 0.5010 0.4930 0.4580 0.5190 0.4470 0.5260 0.4920


=====================================
Scenario 8:
=====================================

CasualtyDemand:
8 9 12 12 12 6 10 8 14 8
15 15 14 15 12 15 21 20 21 13
9 5 7 10 14 9 11 9 8 11
18 10 16 8 18 17 9 14 8 11
13 11 9 12 9 12 11 13 8 8
15 10 15 18 21 15 13 18 15 12
13 8 10 7 8 9 9 9 9 8
10 24 10 18 15 12 10 10 15 22

HospitalDisruption:
0 0 0 0 0

PatientDemand:
126 136 113 108 103
176 202 166 166 156

PatientDischargedPercentage:
0.0000 0.0000 0.0000 0.0000 0.0000 0.0000 0.0000 0.0000 0.0000 0.0000 0.0000 0.0000 0.0000 0.0000 0.0000
0.0000 0.0000 0.0000 0.0000 0.0000 0.0000 0.0000 0.0000 0.0000 0.0000 0.0000 0.0000 0.0000 0.0000 0.0000
0.0000 0.0000 0.0000 0.0000 0.0000 0.0000 0.0000 0.0000 0.0000 0.0000 0.0000 0.0000 0.0000 0.0000 0.0000
0.0730 0.0730 0.0740 0.0720 0.0760 0.0760 0.0740 0.0720 0.0750 0.0740 0.0760 0.0710 0.0750 0.0750 0.0700
0.0470 0.0480 0.0540 0.0460 0.0530 0.0460 0.0530 0.0480 0.0480 0.0500 0.0500 0.0460 0.0490 0.0540 0.0470
0.0740 0.0720 0.0740 0.0730 0.0730 0.0760 0.0750 0.0750 0.0730 0.0780 0.0750 0.0730 0.0770 0.0740 0.0730
0.0500 0.0480 0.0460 0.0510 0.0520 0.0540 0.0500 0.0490 0.0480 0.0480 0.0470 0.0500 0.0490 0.0510 0.0460
0.5190 0.4910 0.4430 0.4900 0.4600 0.4420 0.5070 0.4870 0.4820 0.4560 0.5010 0.4870 0.5160 0.4580 0.4390


=====================================
Scenario 9:
=====================================

CasualtyDemand:
11 9 8 11 10 10 8 7 8 8
21 13 9 18 13 17 17 17 19 20
13 11 12 12 9 11 8 11 10 7
17 13 13 13 10 19 15 13 16 7
11 10 9 10 8 12 10 11 12 10
17 16 13 13 11 13 16 18 16 12
13 6 10 10 8 7 11 11 12 9
16 16 22 12 18 20 12 15 14 8

HospitalDisruption:
1 0 0 0 0

PatientDemand:
116 133 108 113 97
164 209 162 158 154

PatientDischargedPercentage:
0.0000 0.0000 0.0000 0.0000 0.0000 0.0000 0.0000 0.0000 0.0000 0.0000 0.0000 0.0000 0.0000 0.0000 0.0000
0.0000 0.0000 0.0000 0.0000 0.0000 0.0000 0.0000 0.0000 0.0000 0.0000 0.0000 0.0000 0.0000 0.0000 0.0000
0.0000 0.0000 0.0000 0.0000 0.0000 0.0000 0.0000 0.0000 0.0000 0.0000 0.0000 0.0000 0.0000 0.0000 0.0000
0.0770 0.0750 0.0710 0.0730 0.0760 0.0730 0.0740 0.0720 0.0740 0.0730 0.0730 0.0730 0.0740 0.0740 0.0760
0.0500 0.0520 0.0550 0.0520 0.0490 0.0510 0.0500 0.0510 0.0540 0.0550 0.0570 0.0500 0.0500 0.0480 0.0500
0.0730 0.0750 0.0750 0.0730 0.0740 0.0720 0.0770 0.0740 0.0730 0.0740 0.0760 0.0750 0.0740 0.0730 0.0740
0.0470 0.0500 0.0530 0.0500 0.0520 0.0530 0.0470 0.0460 0.0500 0.0510 0.0490 0.0500 0.0510 0.0520 0.0520
0.5170 0.4750 0.5010 0.4410 0.4520 0.5090 0.5040 0.4890 0.5050 0.4490 0.5090 0.4910 0.4420 0.4620 0.4470


=====================================
Scenario 10:
=====================================

CasualtyDemand:
10 10 12 10 11 10 12 10 9 10
10 20 20 14 17 9 15 15 16 17
12 12 13 8 11 8 9 13 11 8
12 24 17 15 16 18 13 17 8 11
10 13 10 11 9 12 11 10 11 9
15 13 14 5 8 17 13 14 12 12
12 14 8 14 9 10 9 13 10 10
16 9 15 12 10 19 21 17 15 15

HospitalDisruption:
0 0 0 0 1

PatientDemand:
121 132 110 105 102
167 208 169 157 143

PatientDischargedPercentage:
0.0000 0.0000 0.0000 0.0000 0.0000 0.0000 0.0000 0.0000 0.0000 0.0000 0.0000 0.0000 0.0000 0.0000 0.0000
0.0000 0.0000 0.0000 0.0000 0.0000 0.0000 0.0000 0.0000 0.0000 0.0000 0.0000 0.0000 0.0000 0.0000 0.0000
0.0000 0.0000 0.0000 0.0000 0.0000 0.0000 0.0000 0.0000 0.0000 0.0000 0.0000 0.0000 0.0000 0.0000 0.0000
0.0710 0.0760 0.0740 0.0720 0.0670 0.0710 0.0740 0.0730 0.0750 0.0740 0.0730 0.0740 0.0740 0.0720 0.0760
0.0540 0.0460 0.0420 0.0500 0.0490 0.0470 0.0440 0.0490 0.0540 0.0430 0.0550 0.0480 0.0480 0.0460 0.0480
0.0700 0.0770 0.0760 0.0750 0.0730 0.0750 0.0750 0.0740 0.0750 0.0720 0.0750 0.0750 0.0690 0.0750 0.0690
0.0450 0.0520 0.0540 0.0520 0.0470 0.0490 0.0490 0.0570 0.0510 0.0580 0.0480 0.0490 0.0470 0.0540 0.0520
0.4640 0.4980 0.5270 0.5030 0.4930 0.4560 0.4430 0.4640 0.4510 0.4970 0.5080 0.5220 0.4790 0.4340 0.4840


=====================================
Scenario 11:
=====================================

CasualtyDemand:
13 15 11 10 7 8 8 10 12 8
9 14 10 12 14 20 10 14 11 23
14 13 6 11 13 11 6 9 12 13
9 14 11 13 18 25 21 24 20 22
13 9 6 9 13 13 10 13 14 9
26 18 25 19 11 16 11 19 10 12
12 10 4 13 13 11 10 8 17 6
9 20 20 8 11 10 13 21 8 13

HospitalDisruption:
0 0 0 0 0

PatientDemand:
125 124 111 112 101
170 190 176 160 148

PatientDischargedPercentage:
0.0000 0.0000 0.0000 0.0000 0.0000 0.0000 0.0000 0.0000 0.0000 0.0000 0.0000 0.0000 0.0000 0.0000 0.0000
0.0000 0.0000 0.0000 0.0000 0.0000 0.0000 0.0000 0.0000 0.0000 0.0000 0.0000 0.0000 0.0000 0.0000 0.0000
0.0000 0.0000 0.0000 0.0000 0.0000 0.0000 0.0000 0.0000 0.0000 0.0000 0.0000 0.0000 0.0000 0.0000 0.0000
0.0750 0.0720 0.0760 0.0760 0.0740 0.0780 0.0720 0.0730 0.0710 0.0760 0.0740 0.0760 0.0750 0.0760 0.0720
0.0460 0.0520 0.0500 0.0500 0.0450 0.0490 0.0530 0.0510 0.0510 0.0480 0.0480 0.0520 0.0510 0.0510 0.0500
0.0720 0.0730 0.0730 0.0730 0.0730 0.0740 0.0720 0.0750 0.0740 0.0750 0.0710 0.0770 0.0740 0.0730 0.0720
0.0510 0.0520 0.0510 0.0500 0.0490 0.0500 0.0490 0.0510 0.0460 0.0500 0.0510 0.0540 0.0540 0.0480 0.0490
0.5300 0.4850 0.4320 0.4560 0.4880 0.4630 0.5070 0.4620 0.4690 0.5010 0.4770 0.4980 0.4460 0.5200 0.5160


=====================================
Scenario 12:
=====================================

CasualtyDemand:
6 13 11 13 7 14 8 7 12 7
14 16 23 18 19 17 8 13 17 6
11 9 10 10 13 8 13 7 12 12
14 9 15 14 11 13 18 11 16 14
10 8 9 8 14 15 9 8 11 15
10 19 10 25 10 23 15 21 6 17
13 12 9 13 12 8 7 10 14 3
18 14 11 10 10 22 12 24 24 21

HospitalDisruption:
0 0 0 0 0

PatientDemand:
122 123 107 110 100
167 187 165 174 139

PatientDischargedPercentage:
0.0000 0.0000 0.0000 0.0000 0.0000 0.0000 0.0000 0.0000 0.0000 0.0000 0.0000 0.0000 0.0000 0.0000 0.0000
0.0000 0.0000 0.0000 0.0000 0.0000 0.0000 0.0000 0.0000 0.0000 0.0000 0.0000 0.0000 0.0000 0.0000 0.0000
0.0000 0.0000 0.0000 0.0000 0.0000 0.0000 0.0000 0.0000 0.0000 0.0000 0.0000 0.0000 0.0000 0.0000 0.0000
0.0730 0.0740 0.0730 0.0730 0.0710 0.0740 0.0760 0.0710 0.0740 0.0760 0.0750 0.0750 0.0770 0.0750 0.0710
0.0480 0.0520 0.0470 0.0490 0.0490 0.0520 0.0500 0.0480 0.0460 0.0490 0.0510 0.0490 0.0480 0.0490 0.0490
0.0770 0.0750 0.0760 0.0740 0.0750 0.0780 0.0740 0.0720 0.0730 0.0730 0.0720 0.0730 0.0730 0.0750 0.0720
0.0510 0.0520 0.0440 0.0540 0.0460 0.0530 0.0560 0.0460 0.0510 0.0500 0.0500 0.0530 0.0510 0.0490 0.0490
0.4730 0.4570 0.4800 0.5300 0.4840 0.4650 0.5040 0.5060 0.4970 0.5030 0.5270 0.4970 0.4440 0.4830 0.4760


=====================================
Scenario 13:
=====================================

CasualtyDemand:
12 9 11 11 15 8 10 6 10 13
13 11 10 6 25 22 19 14 7 22
12 10 5 11 14 9 11 10 9 14
4 24 8 15 19 7 7 17 21 20
13 10 15 11 7 8 8 11 16 9
4 21 10 23 8 21 19 18 20 20
5 11 12 12 12 4 11 8 11 11
24 10 14 19 15 24 24 7 15 9

HospitalDisruption:
0 0 0 0 0

PatientDemand:
115 127 108 116 96
189 204 168 168 142

PatientDischargedPercentage:
0.0000 0.0000 0.0000 0.0000 0.0000 0.0000 0.0000 0.0000 0.0000 0.0000 0.0000 0.0000 0.0000 0.0000 0.0000
0.0000 0.0000 0.0000 0.0000 0.0000 0.0000 0.0000 0.0000 0.0000 0.0000 0.0000 0.0000 0.0000 0.0000 0.0000
0.0000 0.0000 0.0000 0.0000 0.0000 0.0000 0.0000 0.0000 0.0000 0.0000 0.0000 0.0000 0.0000 0.0000 0.0000
0.0760 0.0790 0.0740 0.0720 0.0760 0.0730 0.0740 0.0760 0.0710 0.0730 0.0770 0.0770 0.0720 0.0760 0.0730
0.0540 0.0460 0.0450 0.0520 0.0480 0.0480 0.0500 0.0500 0.0430 0.0470 0.0470 0.0490 0.0490 0.0530 0.0520
0.0730 0.0750 0.0760 0.0720 0.0720 0.0730 0.0730 0.0720 0.0800 0.0770 0.0730 0.0750 0.0720 0.0770 0.0740
0.0500 0.0520 0.0490 0.0570 0.0540 0.0540 0.0510 0.0490 0.0470 0.0530 0.0530 0.0470 0.0510 0.0490 0.0520
0.4430 0.4580 0.4440 0.4440 0.5080 0.5240 0.4430 0.5390 0.5210 0.4770 0.4550 0.4680 0.5020 0.4790 0.5020


=====================================
Scenario 14:
=====================================

CasualtyDemand:
7 10 10 12 10 8 6 10 15 8
13 11 18 14 14 23 17 21 23 19
8 5 7 9 9 11 14 6 11 11
13 16 17 17 14 13 9 16 12 15
10 8 9 9 11 9 10 5 11 11
15 12 19 8 24 17 15 18 16 16
9 8 11 8 12 11 9 11 9 11
17 12 13 24 22 18 21 18 18 11

HospitalDisruption:
0 0 0 0 0

PatientDemand:
111 136 113 106 95
190 194 168 161 153

PatientDischargedPercentage:
0.0000 0.0000 0.0000 0.0000 0.0000 0.0000 0.0000 0.0000 0.0000 0.0000 0.0000 0.0000 0.0000 0.0000 0.0000
0.0000 0.0000 0.0000 0.0000 0.0000 0.0000 0.0000 0.0000 0.0000 0.0000 0.0000 0.0000 0.0000 0.0000 0.0000
0.0000 0.0000 0.0000 0.0000 0.0000 0.0000 0.0000 0.0000 0.0000 0.0000 0.0000 0.0000 0.0000 0.0000 0.0000
0.0710 0.0710 0.0730 0.0680 0.0790 0.0730 0.0710 0.0720 0.0760 0.0720 0.0740 0.0770 0.0720 0.0710 0.0770
0.0490 0.0470 0.0470 0.0480 0.0530 0.0530 0.0530 0.0460 0.0460 0.0470 0.0500 0.0510 0.0500 0.0500 0.0530
0.0750 0.0750 0.0700 0.0730 0.0720 0.0690 0.0720 0.0750 0.0760 0.0730 0.0760 0.0730 0.0740 0.0760 0.0750
0.0530 0.0460 0.0470 0.0470 0.0520 0.0510 0.0450 0.0490 0.0510 0.0510 0.0520 0.0470 0.0510 0.0500 0.0480
0.4390 0.4650 0.4760 0.4340 0.4580 0.4790 0.4470 0.4810 0.5120 0.4590 0.5300 0.5070 0.5030 0.5090 0.5030


=====================================
Scenario 15:
=====================================

CasualtyDemand:
13 16 10 9 10 6 13 8 11 9
17 16 21 26 19 16 8 12 14 16
9 9 8 12 12 8 9 10 15 11
9 8 19 19 19 17 19 11 4 6
13 10 9 13 13 15 11 14 7 6
16 7 19 15 18 13 15 21 15 19
5 12 4 9 16 6 11 9 7 13
16 14 11 16 14 17 21 8 13 11

HospitalDisruption:
0 0 0 0 1

PatientDemand:
117 125 116 105 101
186 207 158 173 138

PatientDischargedPercentage:
0.0000 0.0000 0.0000 0.0000 0.0000 0.0000 0.0000 0.0000 0.0000 0.0000 0.0000 0.0000 0.0000 0.0000 0.0000
0.0000 0.0000 0.0000 0.0000 0.0000 0.0000 0.0000 0.0000 0.0000 0.0000 0.0000 0.0000 0.0000 0.0000 0.0000
0.0000 0.0000 0.0000 0.0000 0.0000 0.0000 0.0000 0.0000 0.0000 0.0000 0.0000 0.0000 0.0000 0.0000 0.0000
0.0720 0.0770 0.0750 0.0730 0.0760 0.0740 0.0730 0.0700 0.0750 0.0710 0.0730 0.0740 0.0720 0.0730 0.0770
0.0530 0.0510 0.0490 0.0490 0.0520 0.0470 0.0500 0.0500 0.0470 0.0500 0.0470 0.0530 0.0520 0.0530 0.0460
0.0750 0.0740 0.0730 0.0710 0.0740 0.0740 0.0720 0.0740 0.0750 0.0770 0.0720 0.0740 0.0700 0.0700 0.0730
0.0510 0.0500 0.0520 0.0470 0.0500 0.0500 0.0460 0.0510 0.0510 0.0470 0.0500 0.0510 0.0470 0.0540 0.0460
0.4650 0.5300 0.4490 0.5030 0.5010 0.4660 0.5150 0.4540 0.4850 0.4550 0.5130 0.5010 0.4600 0.4850 0.4930


=====================================
Scenario 16:
=====================================

CasualtyDemand:
12 11 8 8 16 10 8 12 13 11
8 11 14 16 20 19 18 20 13 15
11 10 11 8 6 8 12 15 13 8
16 23 21 14 5 10 19 13 15 19
15 13 8 8 10 11 9 11 10 15
14 11 17 13 13 23 10 8 19 13
13 7 9 6 9 7 10 8 10 10
16 19 7 12 15 21 21 17 16 21

HospitalDisruption:
0 1 1 0 0

PatientDemand:
124 132 115 109 100
176 187 164 178 152

PatientDischargedPercentage:
0.0000 0.0000 0.0000 0.0000 0.0000 0.0000 0.0000 0.0000 0.0000 0.0000 0.0000 0.0000 0.0000 0.0000 0.0000
0.0000 0.0000 0.0000 0.0000 0.0000 0.0000 0.0000 0.0000 0.0000 0.0000 0.0000 0.0000 0.0000 0.0000 0.0000
0.0000 0.0000 0.0000 0.0000 0.0000 0.0000 0.0000 0.0000 0.0000 0.0000 0.0000 0.0000 0.0000 0.0000 0.0000
0.0740 0.0770 0.0720 0.0700 0.0770 0.0720 0.0730 0.0750 0.0700 0.0740 0.0750 0.0730 0.0730 0.0750 0.0740
0.0530 0.0470 0.0540 0.0470 0.0520 0.0490 0.0490 0.0530 0.0520 0.0510 0.0490 0.0490 0.0480 0.0480 0.0520
0.0750 0.0720 0.0750 0.0760 0.0740 0.0710 0.0730 0.0710 0.0750 0.0750 0.0750 0.0740 0.0760 0.0740 0.0770
0.0510 0.0480 0.0500 0.0480 0.0500 0.0490 0.0500 0.0470 0.0510 0.0490 0.0490 0.0500 0.0500 0.0450 0.0500
0.5070 0.4820 0.5200 0.4620 0.4420 0.4640 0.4520 0.5040 0.4850 0.4270 0.4500 0.4580 0.4550 0.5250 0.4930


=====================================
Scenario 17:
=====================================

CasualtyDemand:
13 11 10 10 7 12 6 7 7 13
14 16 13 20 11 18 15 10 13 21
9 10 12 9 7 11 8 6 11 8
15 20 12 20 10 6 8 15 13 15
12 12 11 10 8 13 4 10 12 7
16 22 15 22 16 19 11 11 13 21
7 11 11 11 5 9 10 11 6 7
14 18 12 10 15 9 17 16 17 13

HospitalDisruption:
0 0 0 0 0

PatientDemand:
122 137 111 112 96
171 187 178 162 140

PatientDischargedPercentage:
0.0000 0.0000 0.0000 0.0000 0.0000 0.0000 0.0000 0.0000 0.0000 0.0000 0.0000 0.0000 0.0000 0.0000 0.0000
0.0000 0.0000 0.0000 0.0000 0.0000 0.0000 0.0000 0.0000 0.0000 0.0000 0.0000 0.0000 0.0000 0.0000 0.0000
0.0000 0.0000 0.0000 0.0000 0.0000 0.0000 0.0000 0.0000 0.0000 0.0000 0.0000 0.0000 0.0000 0.0000 0.0000
0.0750 0.0740 0.0770 0.0790 0.0740 0.0750 0.0700 0.0730 0.0760 0.0750 0.0720 0.0740 0.0720 0.0720 0.0730
0.0530 0.0520 0.0450 0.0500 0.0500 0.0450 0.0500 0.0540 0.0520 0.0480 0.0510 0.0510 0.0530 0.0520 0.0500
0.0720 0.0730 0.0750 0.0760 0.0750 0.0770 0.0730 0.0740 0.0730 0.0720 0.0740 0.0720 0.0770 0.0740 0.0760
0.0520 0.0520 0.0540 0.0500 0.0530 0.0490 0.0480 0.0470 0.0550 0.0520 0.0550 0.0530 0.0540 0.0460 0.0480
0.4980 0.5040 0.4690 0.4530 0.5220 0.4790 0.5050 0.4850 0.4180 0.4690 0.4540 0.4390 0.4720 0.4970 0.4890


=====================================
Scenario 18:
=====================================

CasualtyDemand:
11 12 9 9 11 8 10 7 6 10
21 17 11 6 10 10 24 19 17 8
11 13 8 8 10 11 9 11 11 7
17 8 10 13 20 15 18 18 19 16
8 14 8 9 14 10 6 8 9 9
20 18 11 14 13 22 8 18 17 13
12 8 12 11 9 9 11 13 10 9
10 17 19 15 19 15 18 14 18 9

HospitalDisruption:
0 0 0 0 0

PatientDemand:
120 137 117 113 100
189 199 160 158 143

PatientDischargedPercentage:
0.0000 0.0000 0.0000 0.0000 0.0000 0.0000 0.0000 0.0000 0.0000 0.0000 0.0000 0.0000 0.0000 0.0000 0.0000
0.0000 0.0000 0.0000 0.0000 0.0000 0.0000 0.0000 0.0000 0.0000 0.0000 0.0000 0.0000 0.0000 0.0000 0.0000
0.0000 0.0000 0.0000 0.0000 0.0000 0.0000 0.0000 0.0000 0.0000 0.0000 0.0000 0.0000 0.0000 0.0000 0.0000
0.0740 0.0750 0.0750 0.0740 0.0760 0.0710 0.0780 0.0750 0.0740 0.0720 0.0740 0.0730 0.0730 0.0720 0.0750
0.0520 0.0480 0.0530 0.0480 0.0520 0.0510 0.0520 0.0490 0.0470 0.0510 0.0520 0.0540 0.0580 0.0510 0.0570
0.0760 0.0720 0.0710 0.0760 0.0760 0.0760 0.0780 0.0730 0.0720 0.0760 0.0730 0.0740 0.0730 0.0710 0.0780
0.0450 0.0460 0.0470 0.0540 0.0440 0.0530 0.0540 0.0500 0.0530 0.0540 0.0430 0.0530 0.0490 0.0520 0.0480
0.4680 0.5140 0.4730 0.5090 0.4540 0.4910 0.5190 0.4340 0.4770 0.4360 0.4400 0.5020 0.5020 0.4410 0.4510


=====================================
Scenario 19:
=====================================

CasualtyDemand:
9 13 11 11 5 10 17 10 5 11
23 26 22 22 17 24 11 3 6 23
4 11 15 3 16 5 9 5 7 7
3 4 19 28 15 24 6 13 20 12
11 7 12 17 18 10 14 11 14 13
10 24 26 22 20 4 20 17 15 14
9 8 16 3 9 12 8 10 12 13
16 11 13 17 22 18 7 10 26 29

HospitalDisruption:
0 0 0 0 0

PatientDemand:
124 126 112 108 96
178 183 157 163 153

PatientDischargedPercentage:
0.0000 0.0000 0.0000 0.0000 0.0000 0.0000 0.0000 0.0000 0.0000 0.0000 0.0000 0.0000 0.0000 0.0000 0.0000
0.0000 0.0000 0.0000 0.0000 0.0000 0.0000 0.0000 0.0000 0.0000 0.0000 0.0000 0.0000 0.0000 0.0000 0.0000
0.0000 0.0000 0.0000 0.0000 0.0000 0.0000 0.0000 0.0000 0.0000 0.0000 0.0000 0.0000 0.0000 0.0000 0.0000
0.0780 0.0680 0.0740 0.0740 0.0730 0.0750 0.0730 0.0780 0.0740 0.0710 0.0770 0.0710 0.0720 0.0750 0.0740
0.0460 0.0560 0.0510 0.0470 0.0490 0.0520 0.0540 0.0460 0.0450 0.0490 0.0450 0.0540 0.0450 0.0480 0.0440
0.0720 0.0710 0.0740 0.0740 0.0790 0.0740 0.0760 0.0760 0.0730 0.0740 0.0770 0.0720 0.0750 0.0770 0.0790
0.0470 0.0460 0.0460 0.0460 0.0460 0.0470 0.0550 0.0480 0.0500 0.0510 0.0450 0.0510 0.0570 0.0460 0.0560
0.5120 0.4910 0.5020 0.4670 0.4340 0.4320 0.4810 0.4980 0.4640 0.5070 0.5260 0.4220 0.4700 0.5110 0.4910


=====================================
Scenario 20:
=====================================

CasualtyDemand:
8 12 13 8 15 9 13 14 8 8
20 19 8 9 23 15 9 13 16 6
11 10 11 10 7 8 11 11 12 6
12 13 11 7 14 13 16 18 7 20
10 11 10 10 8 11 5 9 10 7
21 20 19 22 21 12 13 10 13 12
7 13 11 11 7 12 11 12 9 11
21 16 17 19 15 13 13 17 17 12

HospitalDisruption:
0 0 0 0 0

PatientDemand:
112 122 112 106 95
168 206 169 159 157

PatientDischargedPercentage:
0.0000 0.0000 0.0000 0.0000 0.0000 0.0000 0.0000 0.0000 0.0000 0.0000 0.0000 0.0000 0.0000 0.0000 0.0000
0.0000 0.0000 0.0000 0.0000 0.0000 0.0000 0.0000 0.0000 0.0000 0.0000 0.0000 0.0000 0.0000 0.0000 0.0000
0.0000 0.0000 0.0000 0.0000 0.0000 0.0000 0.0000 0.0000 0.0000 0.0000 0.0000 0.0000 0.0000 0.0000 0.0000
0.0750 0.0780 0.0750 0.0750 0.0740 0.0770 0.0750 0.0740 0.0710 0.0770 0.0750 0.0750 0.0730 0.0730 0.0770
0.0480 0.0510 0.0480 0.0540 0.0500 0.0510 0.0510 0.0460 0.0430 0.0580 0.0540 0.0540 0.0440 0.0560 0.0490
0.0730 0.0770 0.0740 0.0720 0.0670 0.0700 0.0750 0.0720 0.0760 0.0700 0.0780 0.0720 0.0710 0.0760 0.0770
0.0490 0.0470 0.0510 0.0570 0.0510 0.0490 0.0480 0.0410 0.0550 0.0470 0.0550 0.0450 0.0510 0.0480 0.0580
0.4660 0.4990 0.4800 0.4560 0.4340 0.4950 0.4970 0.5320 0.5060 0.5220 0.4230 0.4710 0.4710 0.5110 0.5090


=====================================
Scenario 21:
=====================================

CasualtyDemand:
8 7 10 10 12 8 9 9 14 13
16 19 17 11 16 12 23 13 16 14
7 14 9 7 15 9 13 7 8 9
3 12 14 19 16 16 25 10 19 18
8 13 10 10 12 14 10 9 12 9
17 7 14 20 5 8 20 11 15 9
12 14 11 13 6 11 9 10 9 13
22 22 15 21 16 14 14 7 18 18

HospitalDisruption:
0 0 0 0 0

PatientDemand:
116 122 111 113 102
172 200 158 170 152

PatientDischargedPercentage:
0.0000 0.0000 0.0000 0.0000 0.0000 0.0000 0.0000 0.0000 0.0000 0.0000 0.0000 0.0000 0.0000 0.0000 0.0000
0.0000 0.0000 0.0000 0.0000 0.0000 0.0000 0.0000 0.0000 0.0000 0.0000 0.0000 0.0000 0.0000 0.0000 0.0000
0.0000 0.0000 0.0000 0.0000 0.0000 0.0000 0.0000 0.0000 0.0000 0.0000 0.0000 0.0000 0.0000 0.0000 0.0000
0.0730 0.0780 0.0730 0.0760 0.0720 0.0780 0.0740 0.0730 0.0730 0.0740 0.0730 0.0750 0.0710 0.0750 0.0750
0.0510 0.0510 0.0550 0.0470 0.0460 0.0540 0.0560 0.0530 0.0510 0.0540 0.0510 0.0500 0.0540 0.0460 0.0470
0.0730 0.0740 0.0750 0.0740 0.0760 0.0710 0.0740 0.0740 0.0750 0.0730 0.0730 0.0750 0.0760 0.0740 0.0740
0.0520 0.0470 0.0510 0.0540 0.0500 0.0530 0.0470 0.0520 0.0480 0.0480 0.0530 0.0500 0.0460 0.0530 0.0440
0.4400 0.4640 0.4450 0.4530 0.4820 0.4580 0.4830 0.5180 0.5100 0.4310 0.4840 0.4880 0.4450 0.4490 0.5180


=====================================
Scenario 22:
=====================================

CasualtyDemand:
6 10 6 14 8 9 14 12 6 11
21 8 12 13 12 21 22 12 16 24
8 10 7 7 14 8 14 15 11 6
5 16 12 17 21 12 25 18 17 15
8 7 11 11 10 15 6 7 10 8
17 18 12 19 23 16 14 23 26 9
5 5 7 9 12 7 10 11 10 7
22 15 24 9 10 11 16 15 6 18

HospitalDisruption:
0 1 0 0 0

PatientDemand:
120 129 113 111 102
189 185 164 175 154

PatientDischargedPercentage:
0.0000 0.0000 0.0000 0.0000 0.0000 0.0000 0.0000 0.0000 0.0000 0.0000 0.0000 0.0000 0.0000 0.0000 0.0000
0.0000 0.0000 0.0000 0.0000 0.0000 0.0000 0.0000 0.0000 0.0000 0.0000 0.0000 0.0000 0.0000 0.0000 0.0000
0.0000 0.0000 0.0000 0.0000 0.0000 0.0000 0.0000 0.0000 0.0000 0.0000 0.0000 0.0000 0.0000 0.0000 0.0000
0.0710 0.0740 0.0750 0.0760 0.0720 0.0730 0.0750 0.0730 0.0760 0.0760 0.0730 0.0710 0.0740 0.0750 0.0760
0.0490 0.0510 0.0530 0.0520 0.0480 0.0520 0.0510 0.0500 0.0530 0.0470 0.0480 0.0530 0.0490 0.0510 0.0520
0.0750 0.0710 0.0740 0.0740 0.0770 0.0750 0.0730 0.0730 0.0760 0.0710 0.0750 0.0790 0.0710 0.0750 0.0720
0.0510 0.0510 0.0540 0.0490 0.0500 0.0480 0.0510 0.0490 0.0480 0.0480 0.0520 0.0490 0.0500 0.0470 0.0490
0.4730 0.4470 0.4870 0.5010 0.5010 0.4990 0.4510 0.4710 0.5210 0.4590 0.4550 0.4750 0.5130 0.4380 0.4610


=====================================
Scenario 23:
=====================================

CasualtyDemand:
11 8 8 9 7 13 6 13 8 11
10 13 15 19 19 12 17 4 20 19
4 10 7 7 15 10 16 6 9 12
16 15 10 9 11 26 16 12 21 9
11 10 5 11 6 5 11 12 9 11
9 9 10 17 21 21 24 18 22 23
6 10 5 8 12 13 10 10 10 10
7 8 14 10 11 12 9 17 15 18

HospitalDisruption:
0 0 0 0 0

PatientDemand:
121 128 118 115 100
167 205 179 174 156

PatientDischargedPercentage:
0.0000 0.0000 0.0000 0.0000 0.0000 0.0000 0.0000 0.0000 0.0000 0.0000 0.0000 0.0000 0.0000 0.0000 0.0000
0.0000 0.0000 0.0000 0.0000 0.0000 0.0000 0.0000 0.0000 0.0000 0.0000 0.0000 0.0000 0.0000 0.0000 0.0000
0.0000 0.0000 0.0000 0.0000 0.0000 0.0000 0.0000 0.0000 0.0000 0.0000 0.0000 0.0000 0.0000 0.0000 0.0000
0.0750 0.0720 0.0710 0.0750 0.0750 0.0720 0.0750 0.0770 0.0740 0.0780 0.0720 0.0770 0.0760 0.0760 0.0720
0.0540 0.0540 0.0460 0.0470 0.0490 0.0510 0.0500 0.0510 0.0520 0.0570 0.0490 0.0490 0.0520 0.0470 0.0500
0.0760 0.0750 0.0740 0.0730 0.0720 0.0750 0.0720 0.0740 0.0720 0.0740 0.0730 0.0750 0.0750 0.0740 0.0730
0.0480 0.0510 0.0520 0.0470 0.0490 0.0480 0.0460 0.0500 0.0500 0.0500 0.0490 0.0510 0.0490 0.0520 0.0520
0.4380 0.4830 0.5100 0.4520 0.4660 0.5000 0.4530 0.4550 0.4390 0.4790 0.5180 0.4500 0.4470 0.5030 0.5250


=====================================
Scenario 24:
=====================================

CasualtyDemand:
11 7 10 9 7 13 12 10 9 7
22 11 15 14 12 13 23 16 19 16
11 10 10 13 11 12 12 12 11 12
19 10 19 8 21 19 20 15 9 21
12 6 10 9 13 8 13 13 9 13
12 26 15 12 20 15 15 15 18 12
6 7 9 9 9 8 10 9 10 12
17 8 12 18 9 16 13 18 13 9

HospitalDisruption:
0 0 0 0 0

PatientDemand:
116 134 113 105 103
179 203 175 153 138

PatientDischargedPercentage:
0.0000 0.0000 0.0000 0.0000 0.0000 0.0000 0.0000 0.0000 0.0000 0.0000 0.0000 0.0000 0.0000 0.0000 0.0000
0.0000 0.0000 0.0000 0.0000 0.0000 0.0000 0.0000 0.0000 0.0000 0.0000 0.0000 0.0000 0.0000 0.0000 0.0000
0.0000 0.0000 0.0000 0.0000 0.0000 0.0000 0.0000 0.0000 0.0000 0.0000 0.0000 0.0000 0.0000 0.0000 0.0000
0.0730 0.0740 0.0780 0.0710 0.0710 0.0720 0.0750 0.0740 0.0720 0.0720 0.0780 0.0710 0.0780 0.0740 0.0760
0.0510 0.0420 0.0480 0.0510 0.0520 0.0430 0.0420 0.0480 0.0490 0.0460 0.0480 0.0480 0.0460 0.0560 0.0550
0.0760 0.0720 0.0730 0.0750 0.0780 0.0750 0.0700 0.0760 0.0740 0.0740 0.0690 0.0760 0.0730 0.0760 0.0730
0.0550 0.0440 0.0530 0.0470 0.0480 0.0550 0.0500 0.0470 0.0530 0.0530 0.0470 0.0510 0.0450 0.0450 0.0450
0.4360 0.4970 0.4270 0.4850 0.4880 0.5310 0.4600 0.4160 0.4890 0.5140 0.5050 0.4400 0.5030 0.4390 0.4700


=====================================
Scenario 25:
=====================================

CasualtyDemand:
12 11 10 8 9 10 8 10 11 10
18 10 21 18 12 21 9 21 8 14
11 6 9 13 13 8 10 9 7 12
19 18 20 20 16 19 15 16 16 11
11 8 12 8 8 9 11 9 12 13
14 14 16 23 14 11 11 15 10 5
10 10 7 12 12 10 11 9 10 11
23 14 16 16 17 12 15 16 8 11

HospitalDisruption:
0 0 0 0 0

PatientDemand:
115 132 114 108 98
170 191 159 155 153

PatientDischargedPercentage:
0.0000 0.0000 0.0000 0.0000 0.0000 0.0000 0.0000 0.0000 0.0000 0.0000 0.0000 0.0000 0.0000 0.0000 0.0000
0.0000 0.0000 0.0000 0.0000 0.0000 0.0000 0.0000 0.0000 0.0000 0.0000 0.0000 0.0000 0.0000 0.0000 0.0000
0.0000 0.0000 0.0000 0.0000 0.0000 0.0000 0.0000 0.0000 0.0000 0.0000 0.0000 0.0000 0.0000 0.0000 0.0000
0.0740 0.0730 0.0800 0.0780 0.0760 0.0780 0.0700 0.0790 0.0740 0.0730 0.0730 0.0700 0.0720 0.0740 0.0740
0.0520 0.0500 0.0510 0.0500 0.0510 0.0490 0.0530 0.0540 0.0500 0.0540 0.0500 0.0490 0.0520 0.0510 0.0480
0.0750 0.0770 0.0740 0.0740 0.0770 0.0730 0.0760 0.0740 0.0720 0.0750 0.0740 0.0740 0.0740 0.0740 0.0760
0.0470 0.0550 0.0470 0.0500 0.0460 0.0530 0.0530 0.0530 0.0470 0.0510 0.0510 0.0460 0.0460 0.0530 0.0490
0.4280 0.4640 0.4820 0.4360 0.4820 0.4570 0.4510 0.4420 0.4610 0.4890 0.4460 0.5370 0.4410 0.4890 0.4280


=====================================
Scenario 26:
=====================================

CasualtyDemand:
9 6 7 14 11 12 8 8 9 7
13 21 12 8 20 17 8 21 12 21
10 11 7 7 11 12 10 11 8 12
13 20 13 21 17 15 13 14 8 13
9 9 7 12 11 8 9 12 12 5
22 13 24 18 13 19 25 14 13 9
7 12 15 16 12 11 5 10 11 14
12 18 19 18 12 17 17 11 11 8

HospitalDisruption:
0 0 0 0 0

PatientDemand:
118 126 109 105 98
185 182 162 157 140

PatientDischargedPercentage:
0.0000 0.0000 0.0000 0.0000 0.0000 0.0000 0.0000 0.0000 0.0000 0.0000 0.0000 0.0000 0.0000 0.0000 0.0000
0.0000 0.0000 0.0000 0.0000 0.0000 0.0000 0.0000 0.0000 0.0000 0.0000 0.0000 0.0000 0.0000 0.0000 0.0000
0.0000 0.0000 0.0000 0.0000 0.0000 0.0000 0.0000 0.0000 0.0000 0.0000 0.0000 0.0000 0.0000 0.0000 0.0000
0.0720 0.0730 0.0740 0.0710 0.0740 0.0730 0.0760 0.0740 0.0750 0.0750 0.0740 0.0740 0.0780 0.0720 0.0750
0.0500 0.0510 0.0520 0.0530 0.0530 0.0560 0.0460 0.0480 0.0500 0.0540 0.0530 0.0480 0.0510 0.0490 0.0540
0.0710 0.0750 0.0740 0.0710 0.0710 0.0700 0.0730 0.0780 0.0790 0.0750 0.0740 0.0770 0.0720 0.0690 0.0720
0.0480 0.0480 0.0480 0.0540 0.0520 0.0500 0.0490 0.0520 0.0490 0.0430 0.0530 0.0490 0.0510 0.0580 0.0550
0.5170 0.4490 0.4940 0.4440 0.5180 0.4770 0.4340 0.4660 0.4550 0.4580 0.5170 0.4410 0.4710 0.5000 0.4890


=====================================
Scenario 27:
=====================================

CasualtyDemand:
7 9 11 10 11 10 13 9 8 8
18 18 10 15 14 15 13 11 11 16
8 11 11 13 10 12 10 13 8 9
16 19 12 22 13 14 12 17 13 12
7 12 9 8 9 10 10 12 8 12
12 19 11 16 18 17 16 10 18 9
10 10 9 10 12 14 11 7 11 11
12 13 18 10 21 15 20 11 16 19

HospitalDisruption:
0 0 0 0 1

PatientDemand:
114 125 108 107 93
176 207 180 164 141

PatientDischargedPercentage:
0.0000 0.0000 0.0000 0.0000 0.0000 0.0000 0.0000 0.0000 0.0000 0.0000 0.0000 0.0000 0.0000 0.0000 0.0000
0.0000 0.0000 0.0000 0.0000 0.0000 0.0000 0.0000 0.0000 0.0000 0.0000 0.0000 0.0000 0.0000 0.0000 0.0000
0.0000 0.0000 0.0000 0.0000 0.0000 0.0000 0.0000 0.0000 0.0000 0.0000 0.0000 0.0000 0.0000 0.0000 0.0000
0.0720 0.0750 0.0750 0.0740 0.0740 0.0740 0.0750 0.0750 0.0760 0.0750 0.0760 0.0720 0.0750 0.0760 0.0750
0.0510 0.0490 0.0530 0.0520 0.0540 0.0510 0.0470 0.0520 0.0480 0.0510 0.0500 0.0440 0.0530 0.0490 0.0490
0.0730 0.0750 0.0720 0.0760 0.0720 0.0730 0.0720 0.0730 0.0730 0.0760 0.0740 0.0730 0.0780 0.0770 0.0750
0.0490 0.0540 0.0480 0.0500 0.0540 0.0470 0.0550 0.0500 0.0490 0.0510 0.0530 0.0510 0.0550 0.0500 0.0500
0.4840 0.4400 0.4540 0.5060 0.5130 0.4490 0.5100 0.4480 0.4760 0.5110 0.4990 0.4510 0.5180 0.4530 0.4840


=====================================
Scenario 28:
=====================================

CasualtyDemand:
13 11 11 8 9 5 16 9 8 8
15 17 23 15 24 8 13 14 8 6
8 12 9 8 7 6 11 8 12 9
8 11 19 17 5 15 10 10 18 9
7 12 13 12 6 15 12 8 14 6
17 14 23 18 10 11 14 13 15 18
10 15 7 11 4 9 7 10 12 8
9 18 14 21 24 17 13 7 12 15

HospitalDisruption:
0 1 0 0 1

PatientDemand:
127 132 113 113 99
168 199 156 157 145

PatientDischargedPercentage:
0.0000 0.0000 0.0000 0.0000 0.0000 0.0000 0.0000 0.0000 0.0000 0.0000 0.0000 0.0000 0.0000 0.0000 0.0000
0.0000 0.0000 0.0000 0.0000 0.0000 0.0000 0.0000 0.0000 0.0000 0.0000 0.0000 0.0000 0.0000 0.0000 0.0000
0.0000 0.0000 0.0000 0.0000 0.0000 0.0000 0.0000 0.0000 0.0000 0.0000 0.0000 0.0000 0.0000 0.0000 0.0000
0.0760 0.0700 0.0730 0.0760 0.0740 0.0730 0.0750 0.0740 0.0750 0.0730 0.0750 0.0770 0.0770 0.0770 0.0730
0.0430 0.0490 0.0480 0.0490 0.0530 0.0470 0.0560 0.0500 0.0480 0.0500 0.0500 0.0490 0.0520 0.0500 0.0480
0.0750 0.0770 0.0730 0.0710 0.0770 0.0730 0.0760 0.0760 0.0780 0.0740 0.0750 0.0730 0.0750 0.0770 0.0720
0.0430 0.0540 0.0440 0.0480 0.0460 0.0490 0.0550 0.0510 0.0530 0.0530 0.0550 0.0500 0.0520 0.0480 0.0490
0.5000 0.4650 0.4410 0.4670 0.4940 0.5190 0.4850 0.4660 0.4520 0.4250 0.4700 0.5110 0.5000 0.4550 0.4560


=====================================
Scenario 29:
=====================================

CasualtyDemand:
12 10 11 9 13 9 11 11 10 10
12 9 21 9 7 10 12 11 13 14
9 7 11 9 7 8 8 12 10 9
8 15 9 13 13 21 14 12 17 24
8 9 9 11 11 13 9 11 10 10
21 5 18 16 13 13 16 15 17 17
11 7 13 9 9 13 12 12 10 12
24 13 17 15 10 5 7 15 15 20

HospitalDisruption:
0 0 0 0 0

PatientDemand:
118 124 114 108 93
166 198 171 171 146

PatientDischargedPercentage:
0.0000 0.0000 0.0000 0.0000 0.0000 0.0000 0.0000 0.0000 0.0000 0.0000 0.0000 0.0000 0.0000 0.0000 0.0000
0.0000 0.0000 0.0000 0.0000 0.0000 0.0000 0.0000 0.0000 0.0000 0.0000 0.0000 0.0000 0.0000 0.0000 0.0000
0.0000 0.0000 0.0000 0.0000 0.0000 0.0000 0.0000 0.0000 0.0000 0.0000 0.0000 0.0000 0.0000 0.0000 0.0000
0.0760 0.0750 0.0770 0.0720 0.0710 0.0740 0.0720 0.0710 0.0720 0.0740 0.0780 0.0740 0.0720 0.0750 0.0790
0.0550 0.0470 0.0560 0.0500 0.0490 0.0580 0.0420 0.0530 0.0520 0.0500 0.0440 0.0500 0.0510 0.0500 0.0560
0.0780 0.0720 0.0700 0.0720 0.0720 0.0780 0.0730 0.0760 0.0770 0.0760 0.0720 0.0790 0.0700 0.0710 0.0750
0.0560 0.0470 0.0490 0.0520 0.0520 0.0480 0.0440 0.0520 0.0580 0.0490 0.0540 0.0480 0.0500 0.0570 0.0540
0.4970 0.5310 0.4420 0.4500 0.4420 0.4770 0.4760 0.5060 0.4870 0.4400 0.4210 0.4360 0.4770 0.4300 0.4930


=====================================
Scenario 30:
=====================================

CasualtyDemand:
10 7 9 9 12 10 13 11 8 11
12 19 19 9 11 18 17 18 15 17
8 10 12 13 11 9 10 14 10 8
9 16 14 16 11 10 18 13 17 17
8 8 9 12 7 9 8 13 11 10
16 18 18 10 21 13 13 17 15 6
10 16 9 15 12 9 8 13 10 12
14 21 10 8 10 14 16 15 22 16

HospitalDisruption:
0 0 0 0 0

PatientDemand:
117 131 113 113 95
166 183 177 170 151

PatientDischargedPercentage:
0.0000 0.0000 0.0000 0.0000 0.0000 0.0000 0.0000 0.0000 0.0000 0.0000 0.0000 0.0000 0.0000 0.0000 0.0000
0.0000 0.0000 0.0000 0.0000 0.0000 0.0000 0.0000 0.0000 0.0000 0.0000 0.0000 0.0000 0.0000 0.0000 0.0000
0.0000 0.0000 0.0000 0.0000 0.0000 0.0000 0.0000 0.0000 0.0000 0.0000 0.0000 0.0000 0.0000 0.0000 0.0000
0.0750 0.0720 0.0720 0.0780 0.0710 0.0750 0.0730 0.0720 0.0750 0.0720 0.0760 0.0720 0.0750 0.0750 0.0770
0.0480 0.0530 0.0430 0.0530 0.0490 0.0510 0.0550 0.0490 0.0480 0.0520 0.0460 0.0470 0.0490 0.0510 0.0550
0.0700 0.0760 0.0720 0.0730 0.0730 0.0730 0.0720 0.0750 0.0720 0.0740 0.0720 0.0730 0.0740 0.0710 0.0740
0.0530 0.0540 0.0490 0.0490 0.0520 0.0470 0.0530 0.0570 0.0540 0.0490 0.0440 0.0580 0.0490 0.0500 0.0520
0.5180 0.4320 0.4500 0.5050 0.5080 0.4870 0.5020 0.5010 0.4740 0.4470 0.5070 0.4350 0.4700 0.4530 0.5180


=====================================
Scenario 31:
=====================================

CasualtyDemand:
10 11 8 11 9 9 8 11 11 9
17 17 17 19 17 17 10 17 11 13
9 10 12 10 10 10 10 8 9 10
10 10 14 7 17 10 20 15 17 17
11 11 9 9 9 8 12 10 9 10
11 11 12 13 12 12 16 12 12 18
10 9 12 10 12 8 11 9 10 11
15 16 12 14 16 16 12 16 10 15

HospitalDisruption:
0 0 0 0 0

PatientDemand:
122 135 115 104 95
175 189 164 173 137

PatientDischargedPercentage:
0.0000 0.0000 0.0000 0.0000 0.0000 0.0000 0.0000 0.0000 0.0000 0.0000 0.0000 0.0000 0.0000 0.0000 0.0000
0.0000 0.0000 0.0000 0.0000 0.0000 0.0000 0.0000 0.0000 0.0000 0.0000 0.0000 0.0000 0.0000 0.0000 0.0000
0.0000 0.0000 0.0000 0.0000 0.0000 0.0000 0.0000 0.0000 0.0000 0.0000 0.0000 0.0000 0.0000 0.0000 0.0000
0.0750 0.0760 0.0720 0.0750 0.0710 0.0720 0.0760 0.0750 0.0740 0.0730 0.0750 0.0780 0.0700 0.0740 0.0680
0.0510 0.0540 0.0440 0.0460 0.0540 0.0460 0.0450 0.0480 0.0540 0.0510 0.0500 0.0540 0.0530 0.0540 0.0580
0.0710 0.0710 0.0750 0.0750 0.0710 0.0740 0.0690 0.0670 0.0690 0.0720 0.0760 0.0720 0.0740 0.0750 0.0780
0.0460 0.0500 0.0530 0.0480 0.0470 0.0510 0.0550 0.0430 0.0570 0.0470 0.0540 0.0550 0.0490 0.0470 0.0520
0.4410 0.5010 0.4710 0.4580 0.5220 0.4610 0.4840 0.5200 0.5000 0.4410 0.5110 0.4270 0.4930 0.5120 0.4390


=====================================
Scenario 32:
=====================================

CasualtyDemand:
9 8 10 12 9 10 11 8 13 7
15 15 18 16 16 10 10 13 22 20
6 8 10 8 6 16 8 7 14 10
14 15 14 17 19 12 11 13 17 14
14 9 9 7 6 10 7 7 12 12
9 16 17 15 9 9 19 10 18 14
9 12 10 5 12 11 11 11 7 7
12 10 18 11 13 17 19 14 11 17

HospitalDisruption:
1 0 0 0 1

PatientDemand:
121 126 115 108 99
189 209 160 173 154

PatientDischargedPercentage:
0.0000 0.0000 0.0000 0.0000 0.0000 0.0000 0.0000 0.0000 0.0000 0.0000 0.0000 0.0000 0.0000 0.0000 0.0000
0.0000 0.0000 0.0000 0.0000 0.0000 0.0000 0.0000 0.0000 0.0000 0.0000 0.0000 0.0000 0.0000 0.0000 0.0000
0.0000 0.0000 0.0000 0.0000 0.0000 0.0000 0.0000 0.0000 0.0000 0.0000 0.0000 0.0000 0.0000 0.0000 0.0000
0.0730 0.0730 0.0730 0.0710 0.0730 0.0720 0.0740 0.0780 0.0740 0.0750 0.0740 0.0730 0.0710 0.0720 0.0730
0.0530 0.0510 0.0530 0.0550 0.0460 0.0490 0.0500 0.0510 0.0470 0.0520 0.0490 0.0490 0.0470 0.0500 0.0470
0.0740 0.0760 0.0770 0.0770 0.0710 0.0740 0.0750 0.0730 0.0730 0.0750 0.0750 0.0750 0.0750 0.0730 0.0750
0.0510 0.0480 0.0510 0.0490 0.0530 0.0530 0.0530 0.0530 0.0480 0.0480 0.0510 0.0460 0.0490 0.0500 0.0540
0.5010 0.4370 0.5140 0.4510 0.4850 0.4630 0.4880 0.4620 0.4990 0.4990 0.4470 0.4470 0.4570 0.4930 0.4460


=====================================
Scenario 33:
=====================================

CasualtyDemand:
7 12 12 8 11 7 10 11 7 12
20 22 22 16 19 23 16 15 11 8
5 9 10 12 12 14 7 14 11 10
18 18 12 8 15 19 16 23 14 17
10 10 12 13 7 8 10 9 13 4
10 16 14 9 23 20 12 14 28 11
10 9 8 13 11 14 11 6 8 11
22 9 11 16 11 22 16 19 16 13

HospitalDisruption:
0 0 0 0 1

PatientDemand:
126 134 114 111 99
178 208 179 161 142

PatientDischargedPercentage:
0.0000 0.0000 0.0000 0.0000 0.0000 0.0000 0.0000 0.0000 0.0000 0.0000 0.0000 0.0000 0.0000 0.0000 0.0000
0.0000 0.0000 0.0000 0.0000 0.0000 0.0000 0.0000 0.0000 0.0000 0.0000 0.0000 0.0000 0.0000 0.0000 0.0000
0.0000 0.0000 0.0000 0.0000 0.0000 0.0000 0.0000 0.0000 0.0000 0.0000 0.0000 0.0000 0.0000 0.0000 0.0000
0.0750 0.0730 0.0790 0.0700 0.0720 0.0740 0.0770 0.0760 0.0750 0.0710 0.0760 0.0770 0.0750 0.0720 0.0710
0.0500 0.0510 0.0530 0.0520 0.0530 0.0490 0.0480 0.0490 0.0520 0.0490 0.0540 0.0540 0.0470 0.0440 0.0460
0.0770 0.0760 0.0770 0.0790 0.0730 0.0740 0.0760 0.0740 0.0760 0.0730 0.0760 0.0730 0.0730 0.0770 0.0760
0.0510 0.0500 0.0490 0.0570 0.0570 0.0530 0.0510 0.0570 0.0440 0.0550 0.0520 0.0440 0.0500 0.0510 0.0500
0.4470 0.4920 0.5180 0.5030 0.4350 0.5050 0.5200 0.5060 0.5180 0.5200 0.4490 0.4540 0.5060 0.4320 0.4540


=====================================
Scenario 34:
=====================================

CasualtyDemand:
12 8 10 9 7 11 13 11 12 13
17 20 5 16 15 20 22 21 19 14
7 11 11 8 8 5 11 8 12 11
18 13 21 14 12 26 16 19 13 10
5 10 5 13 12 11 8 11 9 11
11 16 11 17 16 14 16 13 20 17
13 6 13 13 11 12 12 13 8 14
13 7 17 11 12 11 8 11 18 12

HospitalDisruption:
0 0 0 1 0

PatientDemand:
116 129 107 112 96
185 189 159 159 138

PatientDischargedPercentage:
0.0000 0.0000 0.0000 0.0000 0.0000 0.0000 0.0000 0.0000 0.0000 0.0000 0.0000 0.0000 0.0000 0.0000 0.0000
0.0000 0.0000 0.0000 0.0000 0.0000 0.0000 0.0000 0.0000 0.0000 0.0000 0.0000 0.0000 0.0000 0.0000 0.0000
0.0000 0.0000 0.0000 0.0000 0.0000 0.0000 0.0000 0.0000 0.0000 0.0000 0.0000 0.0000 0.0000 0.0000 0.0000
0.0760 0.0730 0.0740 0.0750 0.0730 0.0780 0.0750 0.0750 0.0720 0.0760 0.0780 0.0750 0.0760 0.0740 0.0700
0.0500 0.0450 0.0510 0.0510 0.0420 0.0500 0.0530 0.0500 0.0520 0.0540 0.0510 0.0490 0.0540 0.0540 0.0470
0.0730 0.0710 0.0790 0.0750 0.0720 0.0730 0.0740 0.0750 0.0740 0.0720 0.0730 0.0740 0.0740 0.0740 0.0690
0.0510 0.0510 0.0470 0.0490 0.0450 0.0470 0.0580 0.0580 0.0490 0.0550 0.0510 0.0530 0.0460 0.0540 0.0490
0.4540 0.5350 0.4960 0.4750 0.5280 0.4810 0.4540 0.5170 0.4370 0.4870 0.4340 0.5150 0.4530 0.4870 0.4640


=====================================
Scenario 35:
=====================================

CasualtyDemand:
8 11 12 15 11 7 9 13 10 10
14 15 12 12 16 10 17 14 23 13
9 10 10 11 10 13 8 12 8 7
18 9 16 16 10 15 21 8 7 7
9 10 7 9 11 12 9 8 12 12
19 10 21 11 13 22 20 21 10 18
8 10 12 10 11 16 10 10 10 9
10 10 7 13 15 18 7 21 20 15

HospitalDisruption:
0 0 0 0 0

PatientDemand:
122 136 114 110 96
185 206 177 176 151

PatientDischargedPercentage:
0.0000 0.0000 0.0000 0.0000 0.0000 0.0000 0.0000 0.0000 0.0000 0.0000 0.0000 0.0000 0.0000 0.0000 0.0000
0.0000 0.0000 0.0000 0.0000 0.0000 0.0000 0.0000 0.0000 0.0000 0.0000 0.0000 0.0000 0.0000 0.0000 0.0000
0.0000 0.0000 0.0000 0.0000 0.0000 0.0000 0.0000 0.0000 0.0000 0.0000 0.0000 0.0000 0.0000 0.0000 0.0000
0.0760 0.0750 0.0760 0.0710 0.0750 0.0730 0.0740 0.0710 0.0720 0.0780 0.0780 0.0720 0.0770 0.0730 0.0730
0.0530 0.0540 0.0460 0.0460 0.0510 0.0460 0.0450 0.0540 0.0540 0.0540 0.0530 0.0540 0.0490 0.0540 0.0580
0.0690 0.0770 0.0740 0.0690 0.0790 0.0760 0.0730 0.0770 0.0730 0.0740 0.0730 0.0740 0.0730 0.0780 0.0770
0.0510 0.0590 0.0440 0.0490 0.0500 0.0460 0.0450 0.0510 0.0570 0.0520 0.0490 0.0540 0.0510 0.0500 0.0520
0.4530 0.5250 0.4880 0.4910 0.4670 0.4360 0.4620 0.5270 0.5340 0.5310 0.4900 0.4880 0.5270 0.5260 0.4780


=====================================
Scenario 36:
=====================================

CasualtyDemand:
10 7 8 10 9 11 12 8 8 13
22 11 15 11 14 12 6 9 16 8
8 10 9 12 11 10 7 10 13 10
13 10 14 10 18 18 11 13 15 18
12 11 13 9 9 11 11 15 8 11
19 15 15 8 13 18 10 13 10 13
8 9 10 8 12 5 11 8 8 11
16 15 18 15 12 13 13 11 15 16

HospitalDisruption:
0 0 0 0 0

PatientDemand:
124 123 109 112 98
184 204 178 170 141

PatientDischargedPercentage:
0.0000 0.0000 0.0000 0.0000 0.0000 0.0000 0.0000 0.0000 0.0000 0.0000 0.0000 0.0000 0.0000 0.0000 0.0000
0.0000 0.0000 0.0000 0.0000 0.0000 0.0000 0.0000 0.0000 0.0000 0.0000 0.0000 0.0000 0.0000 0.0000 0.0000
0.0000 0.0000 0.0000 0.0000 0.0000 0.0000 0.0000 0.0000 0.0000 0.0000 0.0000 0.0000 0.0000 0.0000 0.0000
0.0740 0.0780 0.0750 0.0700 0.0720 0.0750 0.0730 0.0740 0.0750 0.0740 0.0720 0.0730 0.0740 0.0760 0.0720
0.0480 0.0480 0.0540 0.0460 0.0480 0.0460 0.0450 0.0480 0.0490 0.0490 0.0530 0.0490 0.0520 0.0510 0.0540
0.0700 0.0760 0.0740 0.0800 0.0710 0.0730 0.0750 0.0740 0.0740 0.0710 0.0740 0.0740 0.0770 0.0760 0.0750
0.0470 0.0480 0.0510 0.0510 0.0470 0.0490 0.0480 0.0510 0.0490 0.0550 0.0530 0.0470 0.0520 0.0520 0.0500
0.4890 0.5100 0.5010 0.5000 0.4840 0.5190 0.5060 0.4490 0.5050 0.4890 0.4750 0.4430 0.5230 0.5050 0.4780


=====================================
Scenario 37:
=====================================

CasualtyDemand:
7 10 9 13 11 8 10 13 10 7
10 15 12 17 16 23 9 19 15 17
9 9 7 12 9 8 11 13 11 10
13 14 14 13 9 22 19 14 16 16
14 10 9 10 9 12 10 11 10 11
14 18 11 7 20 14 19 15 18 23
12 8 13 7 10 15 8 9 11 12
12 17 9 14 9 8 7 17 15 13

HospitalDisruption:
0 1 0 0 0

PatientDemand:
117 137 109 111 92
182 196 158 172 150

PatientDischargedPercentage:
0.0000 0.0000 0.0000 0.0000 0.0000 0.0000 0.0000 0.0000 0.0000 0.0000 0.0000 0.0000 0.0000 0.0000 0.0000
0.0000 0.0000 0.0000 0.0000 0.0000 0.0000 0.0000 0.0000 0.0000 0.0000 0.0000 0.0000 0.0000 0.0000 0.0000
0.0000 0.0000 0.0000 0.0000 0.0000 0.0000 0.0000 0.0000 0.0000 0.0000 0.0000 0.0000 0.0000 0.0000 0.0000
0.0760 0.0750 0.0720 0.0730 0.0730 0.0680 0.0720 0.0740 0.0770 0.0760 0.0700 0.0770 0.0710 0.0750 0.0710
0.0480 0.0500 0.0490 0.0490 0.0600 0.0570 0.0490 0.0520 0.0500 0.0540 0.0480 0.0450 0.0450 0.0470 0.0490
0.0730 0.0730 0.0750 0.0710 0.0720 0.0730 0.0740 0.0750 0.0730 0.0750 0.0780 0.0760 0.0670 0.0750 0.0740
0.0500 0.0500 0.0470 0.0520 0.0500 0.0420 0.0510 0.0500 0.0450 0.0540 0.0500 0.0500 0.0450 0.0520 0.0460
0.4820 0.4270 0.4620 0.4730 0.4430 0.4660 0.5250 0.4490 0.4190 0.4650 0.4920 0.4360 0.5030 0.5060 0.5140


=====================================
Scenario 38:
=====================================

CasualtyDemand:
11 8 12 7 11 9 10 10 9 4
14 12 17 6 11 17 8 10 10 17
8 8 8 9 9 6 10 8 16 12
15 16 17 12 16 20 14 22 22 15
8 13 8 10 12 8 11 10 9 12
15 16 11 17 22 11 21 21 14 14
10 13 10 11 8 13 12 6 7 10
6 11 13 18 14 13 21 21 10 16

HospitalDisruption:
0 0 0 0 0

PatientDemand:
124 138 107 113 99
183 186 171 160 154

PatientDischargedPercentage:
0.0000 0.0000 0.0000 0.0000 0.0000 0.0000 0.0000 0.0000 0.0000 0.0000 0.0000 0.0000 0.0000 0.0000 0.0000
0.0000 0.0000 0.0000 0.0000 0.0000 0.0000 0.0000 0.0000 0.0000 0.0000 0.0000 0.0000 0.0000 0.0000 0.0000
0.0000 0.0000 0.0000 0.0000 0.0000 0.0000 0.0000 0.0000 0.0000 0.0000 0.0000 0.0000 0.0000 0.0000 0.0000
0.0770 0.0730 0.0750 0.0740 0.0710 0.0770 0.0740 0.0750 0.0730 0.0760 0.0730 0.0740 0.0720 0.0730 0.0740
0.0520 0.0480 0.0500 0.0520 0.0490 0.0550 0.0470 0.0530 0.0500 0.0500 0.0500 0.0490 0.0480 0.0470 0.0480
0.0740 0.0730 0.0760 0.0720 0.0780 0.0720 0.0750 0.0750 0.0740 0.0730 0.0740 0.0730 0.0730 0.0760 0.0710
0.0480 0.0470 0.0480 0.0460 0.0470 0.0490 0.0510 0.0440 0.0490 0.0500 0.0440 0.0530 0.0520 0.0510 0.0500
0.4500 0.4880 0.4390 0.5270 0.4730 0.4790 0.4500 0.5100 0.4660 0.4830 0.5070 0.4900 0.4810 0.4570 0.5320


=====================================
Scenario 39:
=====================================

CasualtyDemand:
10 12 8 11 8 12 8 11 12 10
19 23 10 17 12 12 17 21 16 18
11 5 14 12 8 12 14 8 7 9
17 20 6 23 11 8 17 17 23 20
9 10 10 11 11 9 8 11 12 11
18 15 18 19 14 14 16 20 14 26
9 11 11 9 8 9 11 7 13 8
15 12 15 17 9 17 14 11 14 11

HospitalDisruption:
0 0 1 0 0

PatientDemand:
112 128 114 115 99
185 188 180 175 143

PatientDischargedPercentage:
0.0000 0.0000 0.0000 0.0000 0.0000 0.0000 0.0000 0.0000 0.0000 0.0000 0.0000 0.0000 0.0000 0.0000 0.0000
0.0000 0.0000 0.0000 0.0000 0.0000 0.0000 0.0000 0.0000 0.0000 0.0000 0.0000 0.0000 0.0000 0.0000 0.0000
0.0000 0.0000 0.0000 0.0000 0.0000 0.0000 0.0000 0.0000 0.0000 0.0000 0.0000 0.0000 0.0000 0.0000 0.0000
0.0730 0.0750 0.0730 0.0750 0.0730 0.0730 0.0720 0.0770 0.0730 0.0740 0.0720 0.0740 0.0730 0.0740 0.0740
0.0500 0.0510 0.0470 0.0480 0.0500 0.0480 0.0510 0.0540 0.0510 0.0520 0.0510 0.0490 0.0500 0.0500 0.0500
0.0740 0.0740 0.0740 0.0730 0.0730 0.0730 0.0740 0.0750 0.0730 0.0720 0.0710 0.0710 0.0750 0.0750 0.0730
0.0480 0.0510 0.0480 0.0520 0.0480 0.0470 0.0490 0.0510 0.0470 0.0480 0.0500 0.0510 0.0490 0.0500 0.0560
0.4370 0.4850 0.4670 0.5230 0.5100 0.5000 0.5110 0.5200 0.4750 0.4870 0.4650 0.5030 0.5060 0.5110 0.4440


=====================================
Scenario 40:
=====================================

CasualtyDemand:
11 14 8 11 10 10 13 10 9 13
10 21 8 15 9 16 21 13 9 13
14 7 12 10 10 11 10 11 7 8
7 15 19 10 14 15 14 13 19 11
11 9 12 11 4 9 12 12 12 12
23 5 12 17 18 18 9 13 21 17
12 9 8 11 10 13 8 13 8 8
13 10 23 16 14 17 12 17 18 17

HospitalDisruption:
0 0 0 0 0

PatientDemand:
124 121 115 105 96
175 210 171 154 146

PatientDischargedPercentage:
0.0000 0.0000 0.0000 0.0000 0.0000 0.0000 0.0000 0.0000 0.0000 0.0000 0.0000 0.0000 0.0000 0.0000 0.0000
0.0000 0.0000 0.0000 0.0000 0.0000 0.0000 0.0000 0.0000 0.0000 0.0000 0.0000 0.0000 0.0000 0.0000 0.0000
0.0000 0.0000 0.0000 0.0000 0.0000 0.0000 0.0000 0.0000 0.0000 0.0000 0.0000 0.0000 0.0000 0.0000 0.0000
0.0750 0.0750 0.0740 0.0770 0.0750 0.0740 0.0730 0.0760 0.0780 0.0770 0.0750 0.0770 0.0700 0.0740 0.0760
0.0430 0.0520 0.0520 0.0500 0.0490 0.0500 0.0460 0.0500 0.0480 0.0490 0.0500 0.0500 0.0500 0.0480 0.0510
0.0750 0.0740 0.0730 0.0750 0.0760 0.0750 0.0740 0.0750 0.0750 0.0740 0.0750 0.0720 0.0750 0.0740 0.0740
0.0480 0.0510 0.0510 0.0470 0.0490 0.0530 0.0450 0.0510 0.0490 0.0540 0.0480 0.0500 0.0490 0.0470 0.0500
0.4520 0.4950 0.4800 0.4950 0.4600 0.4540 0.4330 0.4650 0.4540 0.5010 0.5240 0.4770 0.4790 0.5190 0.4360


=====================================
Scenario 41:
=====================================

CasualtyDemand:
11 8 13 12 12 11 6 13 7 12
13 17 18 20 19 10 18 13 17 14
12 12 10 8 10 9 6 8 9 11
22 15 5 19 10 9 13 13 17 22
9 11 9 10 9 10 12 10 10 9
12 10 16 15 19 20 11 18 12 17
9 12 9 13 11 11 9 11 8 11
11 10 18 19 16 6 18 21 23 9

HospitalDisruption:
0 0 0 0 0

PatientDemand:
117 135 115 116 97
191 184 160 176 138

PatientDischargedPercentage:
0.0000 0.0000 0.0000 0.0000 0.0000 0.0000 0.0000 0.0000 0.0000 0.0000 0.0000 0.0000 0.0000 0.0000 0.0000
0.0000 0.0000 0.0000 0.0000 0.0000 0.0000 0.0000 0.0000 0.0000 0.0000 0.0000 0.0000 0.0000 0.0000 0.0000
0.0000 0.0000 0.0000 0.0000 0.0000 0.0000 0.0000 0.0000 0.0000 0.0000 0.0000 0.0000 0.0000 0.0000 0.0000
0.0720 0.0750 0.0730 0.0720 0.0770 0.0740 0.0740 0.0740 0.0740 0.0710 0.0710 0.0750 0.0740 0.0740 0.0780
0.0500 0.0510 0.0520 0.0480 0.0490 0.0500 0.0540 0.0470 0.0520 0.0490 0.0500 0.0520 0.0530 0.0470 0.0490
0.0730 0.0710 0.0740 0.0760 0.0720 0.0740 0.0710 0.0710 0.0730 0.0740 0.0740 0.0730 0.0760 0.0760 0.0760
0.0520 0.0510 0.0520 0.0510 0.0530 0.0470 0.0490 0.0520 0.0490 0.0530 0.0480 0.0490 0.0520 0.0480 0.0510
0.4520 0.4410 0.5090 0.5000 0.5060 0.4290 0.4630 0.4860 0.4500 0.4580 0.4430 0.5050 0.5150 0.4720 0.4880


=====================================
Scenario 42:
=====================================

CasualtyDemand:
10 10 11 9 10 12 10 10 13 10
14 12 15 13 14 13 16 15 16 21
11 10 10 11 9 11 10 13 10 11
15 9 19 19 14 8 17 16 13 14
12 10 11 11 9 9 11 11 11 11
14 16 10 18 9 13 15 18 11 20
9 12 10 10 9 12 9 9 11 9
11 16 12 11 20 21 18 13 14 17

HospitalDisruption:
0 0 0 0 0

PatientDemand:
120 126 116 104 98
187 192 179 172 152

PatientDischargedPercentage:
0.0000 0.0000 0.0000 0.0000 0.0000 0.0000 0.0000 0.0000 0.0000 0.0000 0.0000 0.0000 0.0000 0.0000 0.0000
0.0000 0.0000 0.0000 0.0000 0.0000 0.0000 0.0000 0.0000 0.0000 0.0000 0.0000 0.0000 0.0000 0.0000 0.0000
0.0000 0.0000 0.0000 0.0000 0.0000 0.0000 0.0000 0.0000 0.0000 0.0000 0.0000 0.0000 0.0000 0.0000 0.0000
0.0730 0.0750 0.0730 0.0740 0.0780 0.0710 0.0700 0.0730 0.0730 0.0720 0.0720 0.0710 0.0730 0.0750 0.0750
0.0520 0.0480 0.0490 0.0510 0.0530 0.0540 0.0440 0.0480 0.0500 0.0480 0.0510 0.0500 0.0520 0.0510 0.0470
0.0780 0.0730 0.0750 0.0700 0.0740 0.0750 0.0750 0.0710 0.0720 0.0740 0.0710 0.0760 0.0740 0.0730 0.0750
0.0480 0.0460 0.0520 0.0450 0.0500 0.0470 0.0440 0.0580 0.0500 0.0500 0.0480 0.0490 0.0530 0.0500 0.0480
0.4950 0.4580 0.5190 0.5300 0.4490 0.5110 0.4970 0.4440 0.5040 0.4370 0.5200 0.4470 0.4690 0.4700 0.4940


=====================================
Scenario 43:
=====================================

CasualtyDemand:
8 9 13 11 8 11 10 8 8 11
7 10 10 22 19 9 19 11 9 14
11 9 11 6 10 8 11 12 11 9
18 22 12 18 20 13 18 16 18 15
5 9 10 10 14 11 11 6 10 9
16 16 15 19 20 8 9 24 13 7
9 6 12 10 10 9 10 11 12 9
18 14 15 9 10 13 17 12 18 16

HospitalDisruption:
0 0 0 0 1

PatientDemand:
122 139 108 105 97
181 208 158 175 141

PatientDischargedPercentage:
0.0000 0.0000 0.0000 0.0000 0.0000 0.0000 0.0000 0.0000 0.0000 0.0000 0.0000 0.0000 0.0000 0.0000 0.0000
0.0000 0.0000 0.0000 0.0000 0.0000 0.0000 0.0000 0.0000 0.0000 0.0000 0.0000 0.0000 0.0000 0.0000 0.0000
0.0000 0.0000 0.0000 0.0000 0.0000 0.0000 0.0000 0.0000 0.0000 0.0000 0.0000 0.0000 0.0000 0.0000 0.0000
0.0730 0.0720 0.0760 0.0770 0.0730 0.0780 0.0750 0.0740 0.0730 0.0720 0.0710 0.0750 0.0740 0.0720 0.0710
0.0450 0.0530 0.0490 0.0530 0.0470 0.0510 0.0520 0.0550 0.0510 0.0500 0.0530 0.0510 0.0550 0.0530 0.0510
0.0720 0.0750 0.0730 0.0710 0.0720 0.0760 0.0780 0.0720 0.0760 0.0770 0.0720 0.0730 0.0730 0.0730 0.0730
0.0510 0.0490 0.0510 0.0500 0.0530 0.0500 0.0550 0.0480 0.0490 0.0490 0.0530 0.0500 0.0480 0.0510 0.0470
0.4700 0.5210 0.5010 0.4500 0.4540 0.4620 0.4780 0.4420 0.5000 0.4970 0.4680 0.4610 0.4450 0.4480 0.4950


=====================================
Scenario 44:
=====================================

CasualtyDemand:
10 12 10 11 11 12 11 10 8 10
16 17 14 9 15 10 16 10 20 15
12 13 6 12 11 5 9 10 5 11
15 18 17 9 12 12 13 4 14 19
8 6 11 10 10 8 11 8 7 7
15 21 11 21 14 12 17 8 19 13
8 7 11 4 9 9 8 9 12 9
14 12 10 14 13 9 13 20 24 17

HospitalDisruption:
0 0 0 0 0

PatientDemand:
112 133 110 109 102
173 204 181 159 154

PatientDischargedPercentage:
0.0000 0.0000 0.0000 0.0000 0.0000 0.0000 0.0000 0.0000 0.0000 0.0000 0.0000 0.0000 0.0000 0.0000 0.0000
0.0000 0.0000 0.0000 0.0000 0.0000 0.0000 0.0000 0.0000 0.0000 0.0000 0.0000 0.0000 0.0000 0.0000 0.0000
0.0000 0.0000 0.0000 0.0000 0.0000 0.0000 0.0000 0.0000 0.0000 0.0000 0.0000 0.0000 0.0000 0.0000 0.0000
0.0750 0.0710 0.0740 0.0770 0.0720 0.0790 0.0760 0.0740 0.0760 0.0710 0.0740 0.0710 0.0750 0.0760 0.0730
0.0560 0.0460 0.0490 0.0560 0.0450 0.0470 0.0530 0.0510 0.0540 0.0460 0.0520 0.0520 0.0500 0.0480 0.0520
0.0760 0.0750 0.0740 0.0740 0.0720 0.0730 0.0790 0.0750 0.0730 0.0740 0.0720 0.0740 0.0740 0.0720 0.0740
0.0460 0.0480 0.0540 0.0530 0.0480 0.0560 0.0540 0.0500 0.0490 0.0450 0.0520 0.0530 0.0470 0.0530 0.0460
0.4940 0.4820 0.4580 0.4670 0.5210 0.5340 0.4810 0.4780 0.4660 0.4910 0.4620 0.5100 0.4370 0.4250 0.4450


=====================================
Scenario 45:
=====================================

CasualtyDemand:
12 14 5 9 6 11 11 8 13 7
12 5 20 14 16 14 18 13 18 6
10 14 8 15 13 14 9 11 9 16
23 16 22 23 25 12 15 17 16 7
12 17 3 5 12 14 6 8 11 9
20 12 23 19 13 19 10 9 17 9
10 7 8 14 7 7 14 16 15 9
16 5 17 23 14 23 11 22 21 21

HospitalDisruption:
0 0 0 0 0

PatientDemand:
114 138 106 116 101
168 185 162 162 143

PatientDischargedPercentage:
0.0000 0.0000 0.0000 0.0000 0.0000 0.0000 0.0000 0.0000 0.0000 0.0000 0.0000 0.0000 0.0000 0.0000 0.0000
0.0000 0.0000 0.0000 0.0000 0.0000 0.0000 0.0000 0.0000 0.0000 0.0000 0.0000 0.0000 0.0000 0.0000 0.0000
0.0000 0.0000 0.0000 0.0000 0.0000 0.0000 0.0000 0.0000 0.0000 0.0000 0.0000 0.0000 0.0000 0.0000 0.0000
0.0750 0.0680 0.0710 0.0740 0.0720 0.0740 0.0720 0.0730 0.0710 0.0740 0.0720 0.0750 0.0710 0.0680 0.0760
0.0560 0.0520 0.0520 0.0470 0.0600 0.0530 0.0410 0.0490 0.0450 0.0540 0.0560 0.0490 0.0500 0.0470 0.0450
0.0730 0.0790 0.0750 0.0670 0.0720 0.0740 0.0760 0.0760 0.0740 0.0700 0.0780 0.0720 0.0790 0.0720 0.0730
0.0480 0.0460 0.0470 0.0500 0.0550 0.0530 0.0440 0.0570 0.0520 0.0500 0.0550 0.0490 0.0520 0.0460 0.0510
0.4790 0.5270 0.4730 0.4210 0.4770 0.4450 0.5120 0.4970 0.4590 0.4690 0.4350 0.5270 0.5360 0.4500 0.4750


=====================================
Scenario 46:
=====================================

CasualtyDemand:
11 13 14 14 8 8 13 14 10 8
18 9 12 17 14 8 14 19 10 14
11 12 11 15 7 8 13 12 6 11
21 15 26 21 19 12 13 8 11 18
9 12 8 15 10 9 15 8 5 11
12 18 12 13 11 19 15 7 11 22
8 7 8 13 10 7 8 7 7 10
21 25 16 16 12 21 16 19 17 10

HospitalDisruption:
0 0 0 0 0

PatientDemand:
121 123 109 111 95
187 204 160 156 153

PatientDischargedPercentage:
0.0000 0.0000 0.0000 0.0000 0.0000 0.0000 0.0000 0.0000 0.0000 0.0000 0.0000 0.0000 0.0000 0.0000 0.0000
0.0000 0.0000 0.0000 0.0000 0.0000 0.0000 0.0000 0.0000 0.0000 0.0000 0.0000 0.0000 0.0000 0.0000 0.0000
0.0000 0.0000 0.0000 0.0000 0.0000 0.0000 0.0000 0.0000 0.0000 0.0000 0.0000 0.0000 0.0000 0.0000 0.0000
0.0720 0.0700 0.0730 0.0760 0.0730 0.0710 0.0730 0.0750 0.0720 0.0750 0.0720 0.0710 0.0730 0.0710 0.0770
0.0540 0.0520 0.0480 0.0510 0.0530 0.0510 0.0450 0.0520 0.0550 0.0500 0.0550 0.0460 0.0500 0.0500 0.0540
0.0760 0.0770 0.0780 0.0770 0.0720 0.0700 0.0760 0.0730 0.0750 0.0730 0.0730 0.0710 0.0750 0.0740 0.0730
0.0500 0.0480 0.0560 0.0470 0.0480 0.0490 0.0510 0.0500 0.0490 0.0520 0.0560 0.0520 0.0530 0.0520 0.0480
0.5080 0.4880 0.5000 0.4980 0.4930 0.4460 0.5310 0.5350 0.4620 0.4800 0.4490 0.5020 0.4460 0.4550 0.4980


=====================================
Scenario 47:
=====================================

CasualtyDemand:
9 11 12 5 9 9 8 13 8 7
10 6 9 14 21 21 22 6 12 13
12 10 10 11 13 14 6 6 14 16
11 22 20 24 15 11 11 6 18 7
12 8 12 13 11 10 8 10 7 12
19 11 20 10 15 14 22 19 17 7
11 10 8 9 12 10 12 11 13 10
7 18 10 19 22 16 13 11 9 9

HospitalDisruption:
0 0 0 0 0

PatientDemand:
113 126 107 110 95
178 184 170 173 149

PatientDischargedPercentage:
0.0000 0.0000 0.0000 0.0000 0.0000 0.0000 0.0000 0.0000 0.0000 0.0000 0.0000 0.0000 0.0000 0.0000 0.0000
0.0000 0.0000 0.0000 0.0000 0.0000 0.0000 0.0000 0.0000 0.0000 0.0000 0.0000 0.0000 0.0000 0.0000 0.0000
0.0000 0.0000 0.0000 0.0000 0.0000 0.0000 0.0000 0.0000 0.0000 0.0000 0.0000 0.0000 0.0000 0.0000 0.0000
0.0730 0.0760 0.0750 0.0750 0.0750 0.0730 0.0750 0.0740 0.0760 0.0760 0.0770 0.0740 0.0770 0.0710 0.0760
0.0490 0.0510 0.0510 0.0480 0.0490 0.0540 0.0410 0.0530 0.0470 0.0550 0.0470 0.0500 0.0480 0.0480 0.0470
0.0740 0.0740 0.0740 0.0720 0.0760 0.0760 0.0760 0.0760 0.0700 0.0730 0.0720 0.0720 0.0710 0.0780 0.0750
0.0530 0.0450 0.0450 0.0500 0.0510 0.0520 0.0520 0.0470 0.0510 0.0480 0.0480 0.0490 0.0460 0.0520 0.0500
0.4700 0.4950 0.5070 0.4540 0.5130 0.4510 0.4760 0.5040 0.5090 0.4920 0.5000 0.4580 0.4360 0.4260 0.4280


=====================================
Scenario 48:
=====================================

CasualtyDemand:
5 5 9 5 10 8 13 11 14 11
16 24 7 12 16 13 20 10 13 9
11 11 11 8 14 6 8 11 18 17
22 15 13 20 6 4 9 20 10 15
10 12 9 10 13 13 10 9 10 12
6 6 22 23 11 8 17 14 17 26
12 6 6 9 11 10 8 12 9 7
20 20 24 12 7 19 6 19 15 12

HospitalDisruption:
0 0 0 0 0

PatientDemand:
114 125 118 111 97
184 184 176 154 145

PatientDischargedPercentage:
0.0000 0.0000 0.0000 0.0000 0.0000 0.0000 0.0000 0.0000 0.0000 0.0000 0.0000 0.0000 0.0000 0.0000 0.0000
0.0000 0.0000 0.0000 0.0000 0.0000 0.0000 0.0000 0.0000 0.0000 0.0000 0.0000 0.0000 0.0000 0.0000 0.0000
0.0000 0.0000 0.0000 0.0000 0.0000 0.0000 0.0000 0.0000 0.0000 0.0000 0.0000 0.0000 0.0000 0.0000 0.0000
0.0740 0.0730 0.0760 0.0760 0.0740 0.0770 0.0740 0.0740 0.0740 0.0720 0.0750 0.0730 0.0730 0.0730 0.0740
0.0450 0.0480 0.0500 0.0480 0.0470 0.0490 0.0550 0.0490 0.0480 0.0490 0.0520 0.0540 0.0510 0.0500 0.0530
0.0720 0.0740 0.0770 0.0760 0.0730 0.0720 0.0720 0.0740 0.0730 0.0740 0.0730 0.0760 0.0770 0.0740 0.0710
0.0490 0.0500 0.0530 0.0480 0.0480 0.0510 0.0510 0.0540 0.0470 0.0470 0.0480 0.0480 0.0490 0.0500 0.0470
0.4870 0.4520 0.5030 0.4930 0.4780 0.4790 0.4420 0.4440 0.4340 0.5280 0.4420 0.4860 0.5030 0.4860 0.5110


=====================================
Scenario 49:
=====================================

CasualtyDemand:
7 15 13 10 9 11 10 13 16 11
18 7 20 11 12 17 22 21 20 21
11 14 15 11 8 6 11 9 10 11
15 23 10 13 19 11 13 22 16 22
9 10 11 8 14 5 10 10 9 9
22 13 15 7 10 14 16 19 13 18
14 11 6 11 5 8 9 10 4 12
16 12 12 22 19 14 16 10 10 16

HospitalDisruption:
0 1 0 0 0

PatientDemand:
114 136 111 107 93
168 196 169 175 138

PatientDischargedPercentage:
0.0000 0.0000 0.0000 0.0000 0.0000 0.0000 0.0000 0.0000 0.0000 0.0000 0.0000 0.0000 0.0000 0.0000 0.0000
0.0000 0.0000 0.0000 0.0000 0.0000 0.0000 0.0000 0.0000 0.0000 0.0000 0.0000 0.0000 0.0000 0.0000 0.0000
0.0000 0.0000 0.0000 0.0000 0.0000 0.0000 0.0000 0.0000 0.0000 0.0000 0.0000 0.0000 0.0000 0.0000 0.0000
0.0740 0.0740 0.0730 0.0740 0.0730 0.0730 0.0780 0.0770 0.0730 0.0750 0.0730 0.0760 0.0750 0.0760 0.0740
0.0490 0.0530 0.0520 0.0490 0.0520 0.0530 0.0490 0.0480 0.0450 0.0480 0.0480 0.0510 0.0480 0.0500 0.0480
0.0730 0.0750 0.0740 0.0740 0.0760 0.0730 0.0720 0.0760 0.0760 0.0770 0.0750 0.0730 0.0740 0.0730 0.0750
0.0470 0.0500 0.0520 0.0490 0.0550 0.0480 0.0490 0.0470 0.0540 0.0470 0.0520 0.0520 0.0470 0.0500 0.0490
0.4580 0.5150 0.5230 0.4460 0.4560 0.5080 0.5100 0.4580 0.4480 0.4780 0.5090 0.4590 0.5120 0.4490 0.4440


=====================================
Scenario 50:
=====================================

CasualtyDemand:
16 11 6 9 12 11 1 8 6 11
5 11 24 10 21 2 9 23 8 20
16 14 9 9 14 10 11 12 10 10
21 9 23 24 7 20 20 14 14 25
13 14 17 13 5 4 4 11 8 13
17 25 19 9 20 21 17 16 17 19
13 8 11 6 9 10 15 6 8 8
7 8 21 27 16 18 4 27 11 12

HospitalDisruption:
0 0 0 0 0

PatientDemand:
115 135 115 110 95
181 210 169 164 153

PatientDischargedPercentage:
0.0000 0.0000 0.0000 0.0000 0.0000 0.0000 0.0000 0.0000 0.0000 0.0000 0.0000 0.0000 0.0000 0.0000 0.0000
0.0000 0.0000 0.0000 0.0000 0.0000 0.0000 0.0000 0.0000 0.0000 0.0000 0.0000 0.0000 0.0000 0.0000 0.0000
0.0000 0.0000 0.0000 0.0000 0.0000 0.0000 0.0000 0.0000 0.0000 0.0000 0.0000 0.0000 0.0000 0.0000 0.0000
0.0710 0.0740 0.0730 0.0700 0.0740 0.0710 0.0720 0.0760 0.0790 0.0730 0.0740 0.0750 0.0760 0.0780 0.0730
0.0430 0.0440 0.0400 0.0520 0.0490 0.0450 0.0450 0.0510 0.0480 0.0480 0.0510 0.0500 0.0500 0.0530 0.0490
0.0740 0.0680 0.0730 0.0780 0.0710 0.0800 0.0740 0.0760 0.0690 0.0780 0.0740 0.0740 0.0700 0.0730 0.0740
0.0510 0.0530 0.0490 0.0530 0.0400 0.0490 0.0440 0.0480 0.0520 0.0470 0.0450 0.0470 0.0520 0.0530 0.0540
0.5090 0.4910 0.4630 0.4530 0.5020 0.4890 0.4780 0.4830 0.4930 0.4700 0.4480 0.4870 0.4420 0.4300 0.5360

