
=====================================
Scenario 1:
=====================================

CasualtyDemand:
11 3 3 6 1 1 20 3 7 16
30 9 8 28 16 17 10 7 18 20
4 8 1 4 5 3 12 12 3 5
7 4 19 14 21 18 13 4 17 13
9 6 11 16 7 14 3 12 6 5
25 17 15 21 22 11 16 28 28 12
2 2 6 0 18 1 8 19 15 15
20 23 20 24 4 3 16 21 7 21

HospitalDisruption:
0 0 0 0 0

PatientDemand:
120 122 105 106 90
164 213 157 161 155

PatientDischargedPercentage:
0.0000 0.0000 0.0000 0.0000 0.0000 0.0000 0.0000 0.0000 0.0000 0.0000 0.0000 0.0000 0.0000 0.0000 0.0000
0.0000 0.0000 0.0000 0.0000 0.0000 0.0000 0.0000 0.0000 0.0000 0.0000 0.0000 0.0000 0.0000 0.0000 0.0000
0.0000 0.0000 0.0000 0.0000 0.0000 0.0000 0.0000 0.0000 0.0000 0.0000 0.0000 0.0000 0.0000 0.0000 0.0000
0.0780 0.0670 0.0760 0.0700 0.0680 0.0810 0.0760 0.0740 0.0780 0.0790 0.0710 0.0750 0.0840 0.0840 0.0720
0.0390 0.0380 0.0440 0.0350 0.0610 0.0370 0.0470 0.0640 0.0570 0.0570 0.0550 0.0580 0.0550 0.0590 0.0390
0.0650 0.0750 0.0780 0.0680 0.0790 0.0810 0.0770 0.0830 0.0640 0.0780 0.0730 0.0640 0.0700 0.0740 0.0810
0.0610 0.0610 0.0430 0.0610 0.0370 0.0540 0.0390 0.0520 0.0630 0.0540 0.0480 0.0420 0.0490 0.0560 0.0570
0.5050 0.4810 0.4570 0.4160 0.4300 0.4550 0.5130 0.4660 0.4670 0.4750 0.4320 0.5190 0.4530 0.4410 0.5480


=====================================
Scenario 2:
=====================================

CasualtyDemand:
1 16 11 9 12 3 9 20 20 2
1 17 4 27 18 1 4 27 2 8
18 15 13 7 9 12 2 19 18 9
26 2 22 17 13 9 1 1 7 28
5 16 0 18 8 2 18 5 1 20
10 27 29 2 11 5 26 10 5 27
3 15 2 10 8 6 12 4 14 3
28 29 24 3 4 17 3 20 17 4

HospitalDisruption:
0 0 0 0 0

PatientDemand:
109 138 113 109 99
166 194 184 179 136

PatientDischargedPercentage:
0.0000 0.0000 0.0000 0.0000 0.0000 0.0000 0.0000 0.0000 0.0000 0.0000 0.0000 0.0000 0.0000 0.0000 0.0000
0.0000 0.0000 0.0000 0.0000 0.0000 0.0000 0.0000 0.0000 0.0000 0.0000 0.0000 0.0000 0.0000 0.0000 0.0000
0.0000 0.0000 0.0000 0.0000 0.0000 0.0000 0.0000 0.0000 0.0000 0.0000 0.0000 0.0000 0.0000 0.0000 0.0000
0.0660 0.0830 0.0680 0.0640 0.0850 0.0710 0.0830 0.0840 0.0650 0.0710 0.0660 0.0820 0.0700 0.0670 0.0830
0.0390 0.0570 0.0380 0.0500 0.0470 0.0440 0.0540 0.0420 0.0560 0.0400 0.0630 0.0640 0.0590 0.0380 0.0390
0.0750 0.0650 0.0770 0.0750 0.0660 0.0710 0.0750 0.0820 0.0670 0.0820 0.0710 0.0670 0.0780 0.0840 0.0690
0.0560 0.0500 0.0570 0.0580 0.0400 0.0530 0.0620 0.0640 0.0590 0.0600 0.0390 0.0380 0.0610 0.0530 0.0420
0.4710 0.4520 0.4800 0.5000 0.5490 0.4330 0.4890 0.4340 0.4310 0.4650 0.4110 0.5290 0.4540 0.4180 0.4940


=====================================
Scenario 3:
=====================================

CasualtyDemand:
16 10 15 3 15 7 3 4 19 12
9 29 11 26 28 13 14 16 1 20
2 7 11 16 7 15 6 1 8 12
4 12 6 11 3 20 28 24 23 4
3 15 9 9 8 7 13 11 5 9
19 26 7 8 3 11 10 26 3 21
2 1 12 6 14 11 6 19 13 2
19 6 10 1 27 25 1 11 14 30

HospitalDisruption:
0 0 0 0 0

PatientDemand:
126 130 117 103 103
174 184 159 178 150

PatientDischargedPercentage:
0.0000 0.0000 0.0000 0.0000 0.0000 0.0000 0.0000 0.0000 0.0000 0.0000 0.0000 0.0000 0.0000 0.0000 0.0000
0.0000 0.0000 0.0000 0.0000 0.0000 0.0000 0.0000 0.0000 0.0000 0.0000 0.0000 0.0000 0.0000 0.0000 0.0000
0.0000 0.0000 0.0000 0.0000 0.0000 0.0000 0.0000 0.0000 0.0000 0.0000 0.0000 0.0000 0.0000 0.0000 0.0000
0.0710 0.0780 0.0760 0.0680 0.0730 0.0770 0.0820 0.0680 0.0690 0.0650 0.0710 0.0700 0.0820 0.0650 0.0780
0.0390 0.0370 0.0530 0.0440 0.0550 0.0510 0.0440 0.0640 0.0550 0.0380 0.0540 0.0410 0.0450 0.0360 0.0620
0.0810 0.0640 0.0710 0.0730 0.0850 0.0780 0.0720 0.0670 0.0790 0.0840 0.0720 0.0780 0.0800 0.0650 0.0850
0.0590 0.0580 0.0530 0.0410 0.0530 0.0450 0.0560 0.0480 0.0410 0.0350 0.0630 0.0570 0.0510 0.0380 0.0400
0.4990 0.5170 0.5380 0.5250 0.5040 0.5030 0.4640 0.4920 0.4680 0.4370 0.4310 0.4200 0.4190 0.5280 0.5190


=====================================
Scenario 4:
=====================================

CasualtyDemand:
6 5 7 12 4 10 16 19 8 9
15 1 10 11 5 25 21 20 16 24
20 19 4 12 18 17 14 12 19 4
1 9 8 27 14 15 30 24 7 22
11 3 5 13 8 17 7 0 7 4
3 7 28 21 21 13 24 29 28 12
2 0 11 18 15 7 10 11 5 1
22 14 28 4 5 4 13 29 18 7

HospitalDisruption:
0 0 0 0 0

PatientDemand:
115 124 109 112 93
179 207 182 162 146

PatientDischargedPercentage:
0.0000 0.0000 0.0000 0.0000 0.0000 0.0000 0.0000 0.0000 0.0000 0.0000 0.0000 0.0000 0.0000 0.0000 0.0000
0.0000 0.0000 0.0000 0.0000 0.0000 0.0000 0.0000 0.0000 0.0000 0.0000 0.0000 0.0000 0.0000 0.0000 0.0000
0.0000 0.0000 0.0000 0.0000 0.0000 0.0000 0.0000 0.0000 0.0000 0.0000 0.0000 0.0000 0.0000 0.0000 0.0000
0.0820 0.0710 0.0630 0.0710 0.0670 0.0650 0.0680 0.0840 0.0780 0.0780 0.0720 0.0810 0.0840 0.0830 0.0720
0.0380 0.0350 0.0510 0.0620 0.0580 0.0460 0.0510 0.0520 0.0430 0.0360 0.0570 0.0490 0.0630 0.0390 0.0400
0.0660 0.0730 0.0840 0.0760 0.0680 0.0710 0.0700 0.0730 0.0790 0.0730 0.0760 0.0650 0.0790 0.0850 0.0670
0.0520 0.0590 0.0360 0.0610 0.0540 0.0440 0.0580 0.0560 0.0520 0.0560 0.0580 0.0470 0.0460 0.0390 0.0390
0.4230 0.4520 0.4140 0.5480 0.5190 0.5420 0.4450 0.4510 0.4400 0.4290 0.5050 0.5400 0.5260 0.4170 0.4720


=====================================
Scenario 5:
=====================================

CasualtyDemand:
14 19 19 17 19 4 4 16 14 0
17 21 26 16 9 9 6 8 26 13
4 11 18 17 11 15 16 16 9 15
16 15 12 24 4 24 8 6 9 2
6 14 9 17 11 18 11 15 5 10
28 12 9 3 6 19 15 27 6 12
14 12 7 15 9 14 19 17 11 11
22 23 13 4 4 20 27 21 0 2

HospitalDisruption:
0 1 1 1 1

PatientDemand:
123 140 121 117 106
169 186 177 172 134

PatientDischargedPercentage:
0.0000 0.0000 0.0000 0.0000 0.0000 0.0000 0.0000 0.0000 0.0000 0.0000 0.0000 0.0000 0.0000 0.0000 0.0000
0.0000 0.0000 0.0000 0.0000 0.0000 0.0000 0.0000 0.0000 0.0000 0.0000 0.0000 0.0000 0.0000 0.0000 0.0000
0.0000 0.0000 0.0000 0.0000 0.0000 0.0000 0.0000 0.0000 0.0000 0.0000 0.0000 0.0000 0.0000 0.0000 0.0000
0.0820 0.0750 0.0790 0.0690 0.0740 0.0830 0.0710 0.0690 0.0650 0.0680 0.0770 0.0740 0.0830 0.0670 0.0720
0.0550 0.0530 0.0450 0.0580 0.0480 0.0560 0.0630 0.0600 0.0510 0.0510 0.0570 0.0580 0.0480 0.0390 0.0390
0.0780 0.0830 0.0780 0.0630 0.0650 0.0840 0.0810 0.0730 0.0730 0.0680 0.0750 0.0770 0.0640 0.0670 0.0720
0.0430 0.0490 0.0480 0.0570 0.0520 0.0410 0.0580 0.0370 0.0450 0.0350 0.0430 0.0580 0.0350 0.0490 0.0400
0.4560 0.5190 0.5110 0.4560 0.4220 0.5040 0.4380 0.4360 0.4870 0.5100 0.4650 0.4510 0.4280 0.4210 0.5040


=====================================
Scenario 6:
=====================================

CasualtyDemand:
4 12 4 15 10 9 17 2 5 7
8 0 29 18 27 23 11 5 28 10
16 0 15 13 1 11 17 11 2 19
27 12 17 5 5 1 1 20 28 10
5 16 19 12 17 18 1 14 8 12
18 10 28 5 20 19 9 4 11 21
15 14 2 14 18 6 4 7 11 14
18 18 7 13 23 17 3 6 17 24

HospitalDisruption:
0 0 0 0 0

PatientDemand:
112 132 106 115 98
176 209 155 157 143

PatientDischargedPercentage:
0.0000 0.0000 0.0000 0.0000 0.0000 0.0000 0.0000 0.0000 0.0000 0.0000 0.0000 0.0000 0.0000 0.0000 0.0000
0.0000 0.0000 0.0000 0.0000 0.0000 0.0000 0.0000 0.0000 0.0000 0.0000 0.0000 0.0000 0.0000 0.0000 0.0000
0.0000 0.0000 0.0000 0.0000 0.0000 0.0000 0.0000 0.0000 0.0000 0.0000 0.0000 0.0000 0.0000 0.0000 0.0000
0.0830 0.0640 0.0780 0.0720 0.0760 0.0760 0.0700 0.0830 0.0660 0.0780 0.0770 0.0700 0.0660 0.0710 0.0790
0.0570 0.0560 0.0380 0.0550 0.0620 0.0440 0.0400 0.0460 0.0510 0.0570 0.0530 0.0530 0.0420 0.0480 0.0580
0.0750 0.0650 0.0680 0.0760 0.0810 0.0730 0.0640 0.0640 0.0770 0.0850 0.0690 0.0640 0.0800 0.0840 0.0740
0.0490 0.0580 0.0530 0.0410 0.0440 0.0440 0.0370 0.0480 0.0620 0.0520 0.0600 0.0510 0.0480 0.0560 0.0450
0.5150 0.4850 0.4850 0.4930 0.4940 0.4140 0.5420 0.5440 0.5030 0.4360 0.4280 0.4800 0.4580 0.4620 0.5300


=====================================
Scenario 7:
=====================================

CasualtyDemand:
19 1 12 0 17 18 10 5 17 4
25 24 1 9 16 10 27 10 0 1
14 12 19 10 14 11 10 19 13 18
19 3 23 14 3 27 26 15 20 8
12 0 15 19 11 1 3 10 19 4
14 23 5 27 23 25 21 7 25 7
5 16 10 16 20 9 5 1 10 12
4 28 20 10 26 16 6 26 14 22

HospitalDisruption:
1 0 0 0 0

PatientDemand:
128 119 114 100 104
191 196 160 176 140

PatientDischargedPercentage:
0.0000 0.0000 0.0000 0.0000 0.0000 0.0000 0.0000 0.0000 0.0000 0.0000 0.0000 0.0000 0.0000 0.0000 0.0000
0.0000 0.0000 0.0000 0.0000 0.0000 0.0000 0.0000 0.0000 0.0000 0.0000 0.0000 0.0000 0.0000 0.0000 0.0000
0.0000 0.0000 0.0000 0.0000 0.0000 0.0000 0.0000 0.0000 0.0000 0.0000 0.0000 0.0000 0.0000 0.0000 0.0000
0.0650 0.0660 0.0740 0.0840 0.0680 0.0730 0.0800 0.0670 0.0830 0.0800 0.0820 0.0780 0.0680 0.0810 0.0680
0.0420 0.0590 0.0500 0.0590 0.0640 0.0490 0.0420 0.0370 0.0510 0.0530 0.0390 0.0630 0.0550 0.0450 0.0610
0.0750 0.0670 0.0820 0.0740 0.0790 0.0710 0.0660 0.0830 0.0740 0.0680 0.0840 0.0810 0.0710 0.0770 0.0770
0.0360 0.0520 0.0620 0.0540 0.0600 0.0430 0.0360 0.0550 0.0540 0.0530 0.0540 0.0400 0.0510 0.0410 0.0410
0.4270 0.5380 0.4920 0.4780 0.4080 0.4370 0.4140 0.5090 0.4420 0.4930 0.4940 0.5310 0.5110 0.5320 0.4160


=====================================
Scenario 8:
=====================================

CasualtyDemand:
9 14 16 8 6 12 18 11 9 17
7 3 22 12 15 6 8 10 19 16
2 9 12 14 5 6 17 6 8 1
2 24 13 5 29 5 9 5 3 26
20 1 1 2 8 1 9 5 1 17
0 2 6 13 6 3 5 5 20 23
4 1 13 10 12 6 15 6 3 5
9 28 13 25 10 14 5 15 3 9

HospitalDisruption:
0 0 0 0 0

PatientDemand:
117 135 118 108 94
181 211 170 164 156

PatientDischargedPercentage:
0.0000 0.0000 0.0000 0.0000 0.0000 0.0000 0.0000 0.0000 0.0000 0.0000 0.0000 0.0000 0.0000 0.0000 0.0000
0.0000 0.0000 0.0000 0.0000 0.0000 0.0000 0.0000 0.0000 0.0000 0.0000 0.0000 0.0000 0.0000 0.0000 0.0000
0.0000 0.0000 0.0000 0.0000 0.0000 0.0000 0.0000 0.0000 0.0000 0.0000 0.0000 0.0000 0.0000 0.0000 0.0000
0.0640 0.0730 0.0690 0.0640 0.0810 0.0630 0.0640 0.0670 0.0720 0.0670 0.0650 0.0670 0.0660 0.0780 0.0800
0.0400 0.0370 0.0550 0.0490 0.0520 0.0440 0.0580 0.0440 0.0390 0.0430 0.0440 0.0630 0.0480 0.0600 0.0450
0.0730 0.0670 0.0740 0.0650 0.0690 0.0710 0.0700 0.0750 0.0640 0.0690 0.0750 0.0710 0.0640 0.0660 0.0660
0.0620 0.0580 0.0550 0.0410 0.0530 0.0470 0.0420 0.0610 0.0500 0.0480 0.0490 0.0520 0.0400 0.0620 0.0570
0.4800 0.5420 0.4930 0.4810 0.4610 0.4830 0.4790 0.5000 0.5000 0.4200 0.4970 0.5160 0.4990 0.4770 0.5470


=====================================
Scenario 9:
=====================================

CasualtyDemand:
12 7 8 11 13 13 14 17 15 7
29 20 23 5 29 6 23 13 3 5
3 5 8 18 14 0 15 12 3 8
25 18 23 22 30 25 20 4 2 23
10 10 2 20 10 9 17 19 4 3
5 27 17 20 1 27 17 3 17 18
1 4 19 8 12 8 1 4 3 14
19 16 22 29 2 14 27 26 26 6

HospitalDisruption:
0 0 0 0 0

PatientDemand:
122 127 110 111 101
183 203 179 173 142

PatientDischargedPercentage:
0.0000 0.0000 0.0000 0.0000 0.0000 0.0000 0.0000 0.0000 0.0000 0.0000 0.0000 0.0000 0.0000 0.0000 0.0000
0.0000 0.0000 0.0000 0.0000 0.0000 0.0000 0.0000 0.0000 0.0000 0.0000 0.0000 0.0000 0.0000 0.0000 0.0000
0.0000 0.0000 0.0000 0.0000 0.0000 0.0000 0.0000 0.0000 0.0000 0.0000 0.0000 0.0000 0.0000 0.0000 0.0000
0.0720 0.0820 0.0830 0.0670 0.0660 0.0670 0.0830 0.0760 0.0770 0.0640 0.0830 0.0750 0.0650 0.0750 0.0760
0.0370 0.0400 0.0630 0.0470 0.0530 0.0470 0.0360 0.0410 0.0390 0.0550 0.0540 0.0510 0.0570 0.0640 0.0370
0.0730 0.0830 0.0820 0.0820 0.0670 0.0730 0.0750 0.0690 0.0840 0.0800 0.0730 0.0650 0.0780 0.0680 0.0830
0.0530 0.0360 0.0550 0.0580 0.0510 0.0620 0.0450 0.0510 0.0410 0.0530 0.0610 0.0430 0.0580 0.0570 0.0540
0.4450 0.4710 0.5500 0.5470 0.4100 0.5250 0.5390 0.4630 0.5430 0.5320 0.4360 0.4770 0.5320 0.4310 0.4780


=====================================
Scenario 10:
=====================================

CasualtyDemand:
2 4 20 6 2 15 1 14 4 4
3 8 6 0 24 2 9 11 11 4
12 17 14 2 12 9 13 8 13 9
16 10 24 24 16 29 22 3 11 27
19 17 18 2 4 3 16 15 9 5
12 17 26 25 7 2 24 9 18 13
12 9 18 15 0 11 9 5 12 18
21 22 15 14 20 8 13 30 27 16

HospitalDisruption:
0 0 1 0 0

PatientDemand:
111 123 122 106 91
186 179 174 156 139

PatientDischargedPercentage:
0.0000 0.0000 0.0000 0.0000 0.0000 0.0000 0.0000 0.0000 0.0000 0.0000 0.0000 0.0000 0.0000 0.0000 0.0000
0.0000 0.0000 0.0000 0.0000 0.0000 0.0000 0.0000 0.0000 0.0000 0.0000 0.0000 0.0000 0.0000 0.0000 0.0000
0.0000 0.0000 0.0000 0.0000 0.0000 0.0000 0.0000 0.0000 0.0000 0.0000 0.0000 0.0000 0.0000 0.0000 0.0000
0.0660 0.0800 0.0800 0.0730 0.0690 0.0720 0.0750 0.0820 0.0810 0.0680 0.0640 0.0810 0.0700 0.0760 0.0730
0.0530 0.0480 0.0610 0.0570 0.0360 0.0520 0.0490 0.0420 0.0540 0.0610 0.0560 0.0570 0.0500 0.0490 0.0550
0.0690 0.0730 0.0850 0.0820 0.0750 0.0770 0.0840 0.0840 0.0650 0.0750 0.0700 0.0810 0.0770 0.0710 0.0680
0.0580 0.0410 0.0540 0.0460 0.0470 0.0630 0.0510 0.0490 0.0570 0.0600 0.0580 0.0650 0.0440 0.0590 0.0600
0.4920 0.4630 0.5470 0.5370 0.5220 0.4470 0.5470 0.5450 0.5120 0.4310 0.4700 0.5070 0.4200 0.4270 0.4970

