
=====================================
Scenario 1:
=====================================

CasualtyDemand:
17 6 6 10
4 5 44 9
12 25 30 11
14 42 25 26
11 8 19 21
11 19 4 11
9 7 19 18
9 14 13 9
20 15 22 19
21 8 27 22

HospitalDisruption:
0 0 0

PatientDemand:
108 103 64
149 148 92

PatientDischargedPercentage:
0.0000 0.0000 0.0000 0.0000 0.0000 0.0000 0.0000 0.0000
0.0000 0.0000 0.0000 0.0000 0.0000 0.0000 0.0000 0.0000
0.0000 0.0000 0.0000 0.0000 0.0000 0.0000 0.0000 0.0000
0.0680 0.0670 0.0760 0.0760 0.0660 0.0690 0.0680 0.0660
0.0540 0.0490 0.0560 0.0530 0.0480 0.0390 0.0520 0.0480
0.0730 0.0690 0.0750 0.0810 0.0710 0.0780 0.0670 0.0760
0.0440 0.0420 0.0600 0.0520 0.0500 0.0560 0.0570 0.0460
0.4840 0.5420 0.5430 0.4670 0.4250 0.4210 0.4510 0.4080
0.0610 0.0370 0.0470 0.0640 0.0570 0.0570 0.0550 0.0580
0.0780 0.0810 0.0660 0.0650 0.0750 0.0780 0.0680 0.0790


=====================================
Scenario 2:
=====================================

CasualtyDemand:
3 25 17 14
27 9 22 45
29 4 3 18
9 40 28 4
6 27 4 9
41 34 30 18
14 19 5 29
41 22 39 5
23 18 14 10
4 4 13 42

HospitalDisruption:
0 0 0

PatientDemand:
92 124 72
156 174 94

PatientDischargedPercentage:
0.0000 0.0000 0.0000 0.0000 0.0000 0.0000 0.0000 0.0000
0.0000 0.0000 0.0000 0.0000 0.0000 0.0000 0.0000 0.0000
0.0000 0.0000 0.0000 0.0000 0.0000 0.0000 0.0000 0.0000
0.0730 0.0760 0.0650 0.0840 0.0830 0.0730 0.0820 0.0640
0.0570 0.0520 0.0480 0.0440 0.0360 0.0360 0.0420 0.0630
0.0690 0.0810 0.0630 0.0830 0.0720 0.0660 0.0830 0.0680
0.0360 0.0650 0.0450 0.0620 0.0640 0.0370 0.0460 0.0400
0.5310 0.4550 0.4330 0.5360 0.4260 0.5130 0.4200 0.4770
0.0470 0.0440 0.0540 0.0420 0.0560 0.0400 0.0630 0.0640
0.0810 0.0650 0.0660 0.0750 0.0650 0.0770 0.0750 0.0660


=====================================
Scenario 3:
=====================================

CasualtyDemand:
24 16 23 6
35 18 10 12
28 19 11 29
18 39 43 21
15 17 3 20
7 18 27 36
12 23 11 3
20 29 9 20
8 12 5 20
42 36 36 9

HospitalDisruption:
0 0 0

PatientDemand:
116 114 76
143 182 102

PatientDischargedPercentage:
0.0000 0.0000 0.0000 0.0000 0.0000 0.0000 0.0000 0.0000
0.0000 0.0000 0.0000 0.0000 0.0000 0.0000 0.0000 0.0000
0.0000 0.0000 0.0000 0.0000 0.0000 0.0000 0.0000 0.0000
0.0710 0.0790 0.0700 0.0640 0.0720 0.0770 0.0660 0.0720
0.0410 0.0460 0.0380 0.0550 0.0630 0.0590 0.0580 0.0390
0.0660 0.0790 0.0730 0.0730 0.0720 0.0710 0.0780 0.0760
0.0420 0.0490 0.0540 0.0610 0.0420 0.0430 0.0380 0.0460
0.4530 0.5330 0.4230 0.5070 0.4240 0.4140 0.4930 0.4500
0.0550 0.0510 0.0440 0.0640 0.0550 0.0380 0.0540 0.0410
0.0700 0.0640 0.0820 0.0810 0.0640 0.0710 0.0730 0.0850


=====================================
Scenario 4:
=====================================

CasualtyDemand:
10 9 12 18
12 25 37 43
14 15 16 3
16 18 11 38
22 20 17 24
45 42 11 29
27 25 22 19
43 12 4 16
10 27 15 16
44 37 13 34

HospitalDisruption:
0 0 0

PatientDemand:
100 106 68
162 156 107

PatientDischargedPercentage:
0.0000 0.0000 0.0000 0.0000 0.0000 0.0000 0.0000 0.0000
0.0000 0.0000 0.0000 0.0000 0.0000 0.0000 0.0000 0.0000
0.0000 0.0000 0.0000 0.0000 0.0000 0.0000 0.0000 0.0000
0.0830 0.0810 0.0790 0.0760 0.0840 0.0680 0.0640 0.0700
0.0430 0.0620 0.0490 0.0500 0.0650 0.0590 0.0420 0.0570
0.0760 0.0660 0.0690 0.0770 0.0720 0.0820 0.0710 0.0630
0.0460 0.0400 0.0380 0.0420 0.0630 0.0560 0.0560 0.0480
0.5230 0.5470 0.5400 0.4640 0.4200 0.4080 0.4860 0.5360
0.0580 0.0460 0.0510 0.0520 0.0430 0.0360 0.0570 0.0490
0.0830 0.0660 0.0670 0.0660 0.0730 0.0840 0.0760 0.0680


=====================================
Scenario 5:
=====================================

CasualtyDemand:
21 28 28 26
43 12 12 36
22 2 18 21
40 25 15 15
8 9 26 14
11 25 41 40
17 23 25 25
22 34 25 23
13 25 6 24
14 12 15 5

HospitalDisruption:
0 1 1

PatientDemand:
112 128 80
174 191 97

PatientDischargedPercentage:
0.0000 0.0000 0.0000 0.0000 0.0000 0.0000 0.0000 0.0000
0.0000 0.0000 0.0000 0.0000 0.0000 0.0000 0.0000 0.0000
0.0000 0.0000 0.0000 0.0000 0.0000 0.0000 0.0000 0.0000
0.0750 0.0800 0.0810 0.0810 0.0730 0.0790 0.0750 0.0740
0.0470 0.0590 0.0390 0.0590 0.0430 0.0410 0.0440 0.0370
0.0700 0.0790 0.0730 0.0820 0.0750 0.0820 0.0750 0.0790
0.0430 0.0500 0.0630 0.0470 0.0440 0.0380 0.0410 0.0540
0.4780 0.5380 0.4360 0.4630 0.5050 0.4960 0.4560 0.5190
0.0480 0.0560 0.0630 0.0600 0.0510 0.0510 0.0570 0.0580
0.0720 0.0660 0.0660 0.0780 0.0830 0.0780 0.0630 0.0650

